0           	0.2
0.04        	0.199973
0.08        	0.199898
0.12        	0.199756
0.16        	0.199525
0.2         	0.199187
0.24        	0.198723
0.28        	0.198115
0.32        	0.197343
0.36        	0.196391
0.4         	0.195242
0.44        	0.193879
0.48        	0.192287
0.52        	0.190449
0.56        	0.18835
0.6         	0.185977
0.64        	0.183315
0.68        	0.180351
0.72        	0.177071
0.76        	0.173464
0.8         	0.169518
0.84        	0.165221
0.88        	0.160562
0.92        	0.155532
0.96        	0.15012
1           	0.144317
1.04        	0.138115
1.08        	0.131506
1.12        	0.124482
1.16        	0.117036
1.2         	0.109162
1.24        	0.100854
1.28        	0.092106
1.32        	0.0829141
1.36        	0.0732738
1.4         	0.0631813
1.44        	0.0526336
1.48        	0.041628
1.52        	0.0301625
1.56        	0.0182355
1.6         	0.00584603
1.64        	-0.00700631
1.68        	-0.0203215
1.72        	-0.0340989
1.76        	-0.0483375
1.8         	-0.0630356
1.84        	-0.078191
1.88        	-0.0938012
1.92        	-0.109863
1.96        	-0.126373
2           	-0.143326
2.04        	-0.160719
2.08        	-0.178546
2.12        	-0.196801
2.16        	-0.21548
2.2         	-0.234574
2.24        	-0.254077
2.28        	-0.273982
2.32        	-0.294281
2.36        	-0.314966
2.4         	-0.336028
2.44        	-0.357458
2.48        	-0.379247
2.52        	-0.401385
2.56        	-0.423862
2.6         	-0.446666
2.64        	-0.469788
2.68        	-0.493215
2.72        	-0.516937
2.76        	-0.540941
2.8         	-0.565216
2.84        	-0.589747
2.88        	-0.614523
2.92        	-0.639531
2.96        	-0.664757
3           	-0.690187
3.04        	-0.715808
3.08        	-0.741604
3.12        	-0.767563
3.16        	-0.793669
3.2         	-0.819907
3.24        	-0.846263
3.28        	-0.872721
3.32        	-0.899266
3.36        	-0.925883
3.4         	-0.952555
3.44        	-0.979267
3.48        	-1.006
3.52        	-1.03275
3.56        	-1.05949
3.6         	-1.0862
3.64        	-1.11287
3.68        	-1.13949
3.72        	-1.16603
3.76        	-1.19249
3.8         	-1.21884
3.84        	-1.24506
3.88        	-1.27115
3.92        	-1.29709
3.96        	-1.32286
4           	-1.34843
4.04        	-1.37381
4.08        	-1.39897
4.12        	-1.42389
4.16        	-1.44857
4.2         	-1.47297
4.24        	-1.4971
4.28        	-1.52093
4.32        	-1.54445
4.36        	-1.56764
4.4         	-1.59048
4.44        	-1.61298
4.48        	-1.63509
4.52        	-1.65683
4.56        	-1.67816
4.6         	-1.69908
4.64        	-1.71957
4.68        	-1.73963
4.72        	-1.75923
4.76        	-1.77836
4.8         	-1.79701
4.84        	-1.81517
4.88        	-1.83283
4.92        	-1.84998
4.96        	-1.86659
5           	-1.88267
5.04        	-1.89821
5.08        	-1.91318
5.12        	-1.92759
5.16        	-1.94142
5.2         	-1.95467
5.24        	-1.96732
5.28        	-1.97936
5.32        	-1.9908
5.36        	-2.00161
5.4         	-2.0118
5.44        	-2.02136
5.48        	-2.03027
5.52        	-2.03855
5.56        	-2.04617
5.6         	-2.05313
5.64        	-2.05944
5.68        	-2.06508
5.72        	-2.07005
5.76        	-2.07435
5.8         	-2.07797
5.84        	-2.08092
5.88        	-2.08319
5.92        	-2.08478
5.96        	-2.08569
6           	-2.08592
6.04        	-2.08546
6.08        	-2.08432
6.12        	-2.08251
6.16        	-2.08001
6.2         	-2.07683
6.24        	-2.07298
6.28        	-2.06846
6.32        	-2.06327
6.36        	-2.05741
6.4         	-2.05089
6.44        	-2.04371
6.48        	-2.03588
6.52        	-2.0274
6.56        	-2.01828
6.6         	-2.00852
6.64        	-1.99814
6.68        	-1.98713
6.72        	-1.97551
6.76        	-1.96329
6.8         	-1.95046
6.84        	-1.93705
6.88        	-1.92306
6.92        	-1.9085
6.96        	-1.89338
7           	-1.87771
7.04        	-1.8615
7.08        	-1.84476
7.12        	-1.82751
7.16        	-1.80975
7.2         	-1.7915
7.24        	-1.77277
7.28        	-1.75357
7.32        	-1.73392
7.36        	-1.71383
7.4         	-1.69331
7.44        	-1.67238
7.48        	-1.65105
7.52        	-1.62934
7.56        	-1.60726
7.6         	-1.58483
7.64        	-1.56205
7.68        	-1.53896
7.72        	-1.51556
7.76        	-1.49186
7.8         	-1.4679
7.84        	-1.44367
7.88        	-1.4192
7.92        	-1.39451
7.96        	-1.36961
8           	-1.34452
8.04        	-1.31926
8.08        	-1.29384
8.12        	-1.26828
8.16        	-1.24259
8.2         	-1.21681
8.24        	-1.19094
8.28        	-1.165
8.32        	-1.139
8.36        	-1.11298
8.4         	-1.08694
8.44        	-1.0609
8.48        	-1.03488
8.52        	-1.0089
8.56        	-0.982974
8.6         	-0.957121
8.64        	-0.93136
8.68        	-0.905706
8.72        	-0.880178
8.76        	-0.854792
8.8         	-0.829567
8.84        	-0.804519
8.88        	-0.779666
8.92        	-0.755024
8.96        	-0.730609
9           	-0.706439
9.04        	-0.68253
9.08        	-0.658898
9.12        	-0.635558
9.16        	-0.612527
9.2         	-0.58982
9.24        	-0.567452
9.28        	-0.545439
9.32        	-0.523796
9.36        	-0.502535
9.4         	-0.481673
9.44        	-0.461223
9.48        	-0.441198
9.52        	-0.421613
9.56        	-0.402479
9.6         	-0.38381
9.64        	-0.365618
9.68        	-0.347915
9.72        	-0.330714
9.76        	-0.314024
9.8         	-0.297857
9.84        	-0.282224
9.88        	-0.267135
9.92        	-0.252599
9.96        	-0.238627
10          	-0.225226
10.04       	-0.212407
10.08       	-0.200176
10.12       	-0.188542
10.16       	-0.177513
10.2        	-0.167094
10.24       	-0.157292
10.28       	-0.148114
10.32       	-0.139565
10.36       	-0.13165
10.4        	-0.124375
10.44       	-0.117742
10.48       	-0.111756
10.52       	-0.10642
10.56       	-0.101738
10.6        	-0.0977105
10.64       	-0.0943407
10.68       	-0.0916297
10.72       	-0.0895784
10.76       	-0.0881874
10.8        	-0.0874567
10.84       	-0.0873859
10.88       	-0.087974
10.92       	-0.0892197
10.96       	-0.0911212
11          	-0.0936762
11.04       	-0.0968818
11.08       	-0.100735
11.12       	-0.105231
11.16       	-0.110368
11.2        	-0.116139
11.24       	-0.12254
11.28       	-0.129566
11.32       	-0.137209
11.36       	-0.145465
11.4        	-0.154326
11.44       	-0.163785
11.48       	-0.173834
11.52       	-0.184466
11.56       	-0.19567
11.6        	-0.20744
11.64       	-0.219765
11.68       	-0.232635
11.72       	-0.246041
11.76       	-0.259971
11.8        	-0.274416
11.84       	-0.289363
11.88       	-0.304802
11.92       	-0.32072
11.96       	-0.337105
12          	-0.353945
12.04       	-0.371225
12.08       	-0.388934
12.12       	-0.407058
12.16       	-0.425582
12.2        	-0.444493
12.24       	-0.463776
12.28       	-0.483417
12.32       	-0.5034
12.36       	-0.523711
12.4        	-0.544334
12.44       	-0.565252
12.48       	-0.586452
12.52       	-0.607916
12.56       	-0.629628
12.6        	-0.651572
12.64       	-0.673731
12.68       	-0.696089
12.72       	-0.718629
12.76       	-0.741333
12.8        	-0.764185
12.84       	-0.787167
12.88       	-0.810262
12.92       	-0.833453
12.96       	-0.856722
13          	-0.880052
13.04       	-0.903425
13.08       	-0.926823
13.12       	-0.95023
13.16       	-0.973627
13.2        	-0.996996
13.24       	-1.02032
13.28       	-1.04358
13.32       	-1.06677
13.36       	-1.08985
13.4        	-1.11282
13.44       	-1.13566
13.48       	-1.15835
13.52       	-1.18087
13.56       	-1.20321
13.6        	-1.22536
13.64       	-1.24728
13.68       	-1.26897
13.72       	-1.29041
13.76       	-1.31158
13.8        	-1.33248
13.84       	-1.35307
13.88       	-1.37335
13.92       	-1.39331
13.96       	-1.41292
14          	-1.43217
14.04       	-1.45105
14.08       	-1.46954
14.12       	-1.48763
14.16       	-1.5053
14.2        	-1.52254
14.24       	-1.53934
14.28       	-1.55569
14.32       	-1.57157
14.36       	-1.58697
14.4        	-1.60188
14.44       	-1.61628
14.48       	-1.63017
14.52       	-1.64353
14.56       	-1.65636
14.6        	-1.66864
14.64       	-1.68037
14.68       	-1.69153
14.72       	-1.70212
14.76       	-1.71213
14.8        	-1.72154
14.84       	-1.73036
14.88       	-1.73858
14.92       	-1.74618
14.96       	-1.75316
15          	-1.75952
15.04       	-1.76526
15.08       	-1.77035
15.12       	-1.77481
15.16       	-1.77862
15.2        	-1.78179
15.24       	-1.78431
15.28       	-1.78618
15.32       	-1.78739
15.36       	-1.78794
15.4        	-1.78784
15.44       	-1.78708
15.48       	-1.78566
15.52       	-1.78358
15.56       	-1.78084
15.6        	-1.77745
15.64       	-1.7734
15.68       	-1.76869
15.72       	-1.76334
15.76       	-1.75733
15.8        	-1.75069
15.84       	-1.74339
15.88       	-1.73547
15.92       	-1.72691
15.96       	-1.71772
16          	-1.70791
16.04       	-1.69749
16.08       	-1.68646
16.12       	-1.67483
16.16       	-1.6626
16.2        	-1.64978
16.24       	-1.63639
16.28       	-1.62243
16.32       	-1.6079
16.36       	-1.59283
16.4        	-1.57721
16.44       	-1.56106
16.48       	-1.5444
16.52       	-1.52722
16.56       	-1.50954
16.6        	-1.49138
16.64       	-1.47274
16.68       	-1.45364
16.72       	-1.43409
16.76       	-1.41411
16.8        	-1.3937
16.84       	-1.37288
16.88       	-1.35167
16.92       	-1.33008
16.96       	-1.30811
17          	-1.2858
17.04       	-1.26315
17.08       	-1.24018
17.12       	-1.2169
17.16       	-1.19333
17.2        	-1.16948
17.24       	-1.14538
17.28       	-1.12104
17.32       	-1.09646
17.36       	-1.07168
17.4        	-1.04671
17.44       	-1.02156
17.48       	-0.996254
17.52       	-0.970805
17.56       	-0.945232
17.6        	-0.919552
17.64       	-0.893782
17.68       	-0.867941
17.72       	-0.842045
17.76       	-0.816112
17.8        	-0.79016
17.84       	-0.764206
17.88       	-0.738268
17.92       	-0.712364
17.96       	-0.686511
18          	-0.660726
18.04       	-0.635028
18.08       	-0.609433
18.12       	-0.58396
18.16       	-0.558624
18.2        	-0.533444
18.24       	-0.508437
18.28       	-0.483619
18.32       	-0.459007
18.36       	-0.434618
18.4        	-0.410469
18.44       	-0.386575
18.48       	-0.362954
18.52       	-0.339621
18.56       	-0.316591
18.6        	-0.293881
18.64       	-0.271505
18.68       	-0.249479
18.72       	-0.227818
18.76       	-0.206536
18.8        	-0.185647
18.84       	-0.165166
18.88       	-0.145106
18.92       	-0.125481
18.96       	-0.106304
19          	-0.0875874
19.04       	-0.0693442
19.08       	-0.0515864
19.12       	-0.0343258
19.16       	-0.0175739
19.2        	-0.00134178
19.24       	0.0143598
19.28       	0.0295204
19.32       	0.0441301
19.36       	0.0581794
19.4        	0.0716589
19.44       	0.08456
19.48       	0.0968742
19.52       	0.108594
19.56       	0.119711
19.6        	0.130218
19.64       	0.14011
19.68       	0.149379
19.72       	0.158019
19.76       	0.166027
19.8        	0.173395
19.84       	0.180121
19.88       	0.1862
19.92       	0.191628
19.96       	0.196403
20          	0.200522
20.04       	0.203982
20.08       	0.206782
20.12       	0.208922
20.16       	0.210399
20.2        	0.211213
20.24       	0.211366
20.28       	0.210857
20.32       	0.209689
20.36       	0.207861
20.4        	0.205377
20.44       	0.202238
20.48       	0.198449
20.52       	0.194012
20.56       	0.188931
20.6        	0.183211
20.64       	0.176857
20.68       	0.169873
20.72       	0.162266
20.76       	0.154041
20.8        	0.145206
20.84       	0.135767
20.88       	0.125731
20.92       	0.115108
20.96       	0.103904
21          	0.092129
21.04       	0.0797918
21.08       	0.066902
21.12       	0.0534693
21.16       	0.0395042
21.2        	0.0250173
21.24       	0.0100197
21.28       	-0.00547733
21.32       	-0.0214619
21.36       	-0.037922
21.4        	-0.0548451
21.44       	-0.0722184
21.48       	-0.0900289
21.52       	-0.108263
21.56       	-0.126908
21.6        	-0.145948
21.64       	-0.16537
21.68       	-0.18516
21.72       	-0.205302
21.76       	-0.225781
21.8        	-0.246583
21.84       	-0.267691
21.88       	-0.28909
21.92       	-0.310764
21.96       	-0.332696
22          	-0.354872
22.04       	-0.377273
22.08       	-0.399883
22.12       	-0.422686
22.16       	-0.445665
22.2        	-0.468802
22.24       	-0.492081
22.28       	-0.515483
22.32       	-0.538993
22.36       	-0.562592
22.4        	-0.586262
22.44       	-0.609987
22.48       	-0.633749
22.52       	-0.657529
22.56       	-0.681312
22.6        	-0.705078
22.64       	-0.72881
22.68       	-0.752491
22.72       	-0.776103
22.76       	-0.799629
22.8        	-0.823051
22.84       	-0.846352
22.88       	-0.869514
22.92       	-0.892521
22.96       	-0.915356
23          	-0.938
23.04       	-0.960439
23.08       	-0.982654
23.12       	-1.00463
23.16       	-1.02635
23.2        	-1.0478
23.24       	-1.06896
23.28       	-1.08981
23.32       	-1.11035
23.36       	-1.13056
23.4        	-1.15041
23.44       	-1.1699
23.48       	-1.18901
23.52       	-1.20773
23.56       	-1.22604
23.6        	-1.24393
23.64       	-1.26138
23.68       	-1.27839
23.72       	-1.29494
23.76       	-1.31101
23.8        	-1.3266
23.84       	-1.3417
23.88       	-1.35628
23.92       	-1.37035
23.96       	-1.38389
24          	-1.39689
24.04       	-1.40934
24.08       	-1.42123
24.12       	-1.43255
24.16       	-1.44329
24.2        	-1.45345
24.24       	-1.46302
24.28       	-1.47198
24.32       	-1.48034
24.36       	-1.48808
24.4        	-1.4952
24.44       	-1.5017
24.48       	-1.50756
24.52       	-1.51279
24.56       	-1.51738
24.6        	-1.52132
24.64       	-1.52462
24.68       	-1.52726
24.72       	-1.52925
24.76       	-1.53058
24.8        	-1.53126
24.84       	-1.53128
24.88       	-1.53064
24.92       	-1.52934
24.96       	-1.52738
25          	-1.52476
25.04       	-1.52149
25.08       	-1.51756
25.12       	-1.51297
25.16       	-1.50774
25.2        	-1.50186
25.24       	-1.49533
25.28       	-1.48817
25.32       	-1.48037
25.36       	-1.47194
25.4        	-1.46288
25.44       	-1.45321
25.48       	-1.44292
25.52       	-1.43202
25.56       	-1.42053
25.6        	-1.40844
25.64       	-1.39577
25.68       	-1.38252
25.72       	-1.36871
25.76       	-1.35434
25.8        	-1.33942
25.84       	-1.32396
25.88       	-1.30798
25.92       	-1.29148
25.96       	-1.27447
26          	-1.25697
26.04       	-1.23899
26.08       	-1.22054
26.12       	-1.20163
26.16       	-1.18227
26.2        	-1.16248
26.24       	-1.14228
26.28       	-1.12166
26.32       	-1.10066
26.36       	-1.07929
26.4        	-1.05755
26.44       	-1.03546
26.48       	-1.01304
26.52       	-0.990308
26.56       	-0.967273
26.6        	-0.943953
26.64       	-0.920364
26.68       	-0.896522
26.72       	-0.872444
26.76       	-0.848145
26.8        	-0.823643
26.84       	-0.798955
26.88       	-0.774097
26.92       	-0.749086
26.96       	-0.723941
27          	-0.698677
27.04       	-0.673312
27.08       	-0.647864
27.12       	-0.622351
27.16       	-0.596789
27.2        	-0.571197
27.24       	-0.545592
27.28       	-0.519991
27.32       	-0.494412
27.36       	-0.468874
27.4        	-0.443392
27.44       	-0.417986
27.48       	-0.392672
27.52       	-0.367468
27.56       	-0.342391
27.6        	-0.317458
27.64       	-0.292687
27.68       	-0.268095
27.72       	-0.243698
27.76       	-0.219513
27.8        	-0.195557
27.84       	-0.171846
27.88       	-0.148397
27.92       	-0.125226
27.96       	-0.102348
28          	-0.0797798
28.04       	-0.057536
28.08       	-0.0356323
28.12       	-0.0140835
28.16       	0.00709556
28.2        	0.0278904
28.24       	0.0482867
28.28       	0.0682707
28.32       	0.0878287
28.36       	0.106947
28.4        	0.125614
28.44       	0.143815
28.48       	0.161539
28.52       	0.178773
28.56       	0.195506
28.6        	0.211726
28.64       	0.227423
28.68       	0.242586
28.72       	0.257205
28.76       	0.271269
28.8        	0.28477
28.84       	0.297698
28.88       	0.310045
28.92       	0.321803
28.96       	0.332963
29          	0.343519
29.04       	0.353462
29.08       	0.362788
29.12       	0.37149
29.16       	0.379561
29.2        	0.386998
29.24       	0.393795
29.28       	0.399948
29.32       	0.405453
29.36       	0.410306
29.4        	0.414506
29.44       	0.418049
29.48       	0.420933
29.52       	0.423157
29.56       	0.424721
29.6        	0.425622
29.64       	0.425862
29.68       	0.42544
29.72       	0.424358
29.76       	0.422616
29.8        	0.420217
29.84       	0.417163
29.88       	0.413456
29.92       	0.4091
29.96       	0.404098
30          	0.398454
30.04       	0.392173
30.08       	0.385261
30.12       	0.377721
30.16       	0.369561
30.2        	0.360787
30.24       	0.351405
30.28       	0.341422
30.32       	0.330846
30.36       	0.319686
30.4        	0.30795
30.44       	0.295646
30.48       	0.282784
30.52       	0.269373
30.56       	0.255424
30.6        	0.240947
30.64       	0.225953
30.68       	0.210453
30.72       	0.194458
30.76       	0.177981
30.8        	0.161033
30.84       	0.143628
30.88       	0.125778
30.92       	0.107496
30.96       	0.0887964
31          	0.0696922
31.04       	0.0501978
31.08       	0.0303276
31.12       	0.0100961
31.16       	-0.0104816
31.2        	-0.0313905
31.24       	-0.0526152
31.28       	-0.0741401
31.32       	-0.0959493
31.36       	-0.118027
31.4        	-0.140357
31.44       	-0.162922
31.48       	-0.185707
31.52       	-0.208694
31.56       	-0.231867
31.6        	-0.255208
31.64       	-0.278701
31.68       	-0.302329
31.72       	-0.326073
31.76       	-0.349917
31.8        	-0.373843
31.84       	-0.397835
31.88       	-0.421873
31.92       	-0.44594
31.96       	-0.47002
32          	-0.494094
32.04       	-0.518145
32.08       	-0.542155
32.12       	-0.566106
32.16       	-0.589981
32.2        	-0.613763
32.24       	-0.637435
32.28       	-0.660978
32.32       	-0.684375
32.36       	-0.70761
32.4        	-0.730666
32.44       	-0.753525
32.48       	-0.77617
32.52       	-0.798587
32.56       	-0.820757
32.6        	-0.842664
32.64       	-0.864293
32.68       	-0.885628
32.72       	-0.906652
32.76       	-0.927352
32.8        	-0.94771
32.84       	-0.967713
32.88       	-0.987346
32.92       	-1.00659
32.96       	-1.02544
33          	-1.04388
33.04       	-1.06189
33.08       	-1.07946
33.12       	-1.09658
33.16       	-1.11323
33.2        	-1.1294
33.24       	-1.14509
33.28       	-1.16027
33.32       	-1.17495
33.36       	-1.18909
33.4        	-1.20271
33.44       	-1.21578
33.48       	-1.22829
33.52       	-1.24025
33.56       	-1.25163
33.6        	-1.26243
33.64       	-1.27264
33.68       	-1.28226
33.72       	-1.29127
33.76       	-1.29967
33.8        	-1.30745
33.84       	-1.31461
33.88       	-1.32114
33.92       	-1.32704
33.96       	-1.3323
34          	-1.33692
34.04       	-1.34089
34.08       	-1.34421
34.12       	-1.34687
34.16       	-1.34889
34.2        	-1.35024
34.24       	-1.35094
34.28       	-1.35098
34.32       	-1.35036
34.36       	-1.34908
34.4        	-1.34714
34.44       	-1.34454
34.48       	-1.34128
34.52       	-1.33737
34.56       	-1.33281
34.6        	-1.3276
34.64       	-1.32174
34.68       	-1.31524
34.72       	-1.3081
34.76       	-1.30032
34.8        	-1.29192
34.84       	-1.28289
34.88       	-1.27325
34.92       	-1.26299
34.96       	-1.25213
35          	-1.24067
35.04       	-1.22863
35.08       	-1.216
35.12       	-1.2028
35.16       	-1.18903
35.2        	-1.17472
35.24       	-1.15985
35.28       	-1.14446
35.32       	-1.12853
35.36       	-1.1121
35.4        	-1.09516
35.44       	-1.07774
35.48       	-1.05983
35.52       	-1.04146
35.56       	-1.02264
35.6        	-1.00338
35.64       	-0.983686
35.68       	-0.963582
35.72       	-0.943077
35.76       	-0.922188
35.8        	-0.900927
35.84       	-0.87931
35.88       	-0.857352
35.92       	-0.835067
35.96       	-0.812471
36          	-0.78958
36.04       	-0.76641
36.08       	-0.742977
36.12       	-0.719296
36.16       	-0.695385
36.2        	-0.67126
36.24       	-0.646937
36.28       	-0.622434
36.32       	-0.597768
36.36       	-0.572955
36.4        	-0.548013
36.44       	-0.522959
36.48       	-0.497811
36.52       	-0.472586
36.56       	-0.447302
36.6        	-0.421976
36.64       	-0.396625
36.68       	-0.371268
36.72       	-0.345921
36.76       	-0.320604
36.8        	-0.295332
36.84       	-0.270124
36.88       	-0.244998
36.92       	-0.21997
36.96       	-0.195058
37          	-0.170279
37.04       	-0.145652
37.08       	-0.121191
37.12       	-0.0969158
37.16       	-0.0728417
37.2        	-0.0489859
37.24       	-0.0253649
37.28       	-0.00199511
37.32       	0.0211073
37.36       	0.0439264
37.4        	0.0664462
37.44       	0.0886511
37.48       	0.110526
37.52       	0.132055
37.56       	0.153224
37.6        	0.174018
37.64       	0.194423
37.68       	0.214424
37.72       	0.234009
37.76       	0.253162
37.8        	0.271871
37.84       	0.290124
37.88       	0.307907
37.92       	0.325208
37.96       	0.342015
38          	0.358318
38.04       	0.374104
38.08       	0.389362
38.12       	0.404083
38.16       	0.418257
38.2        	0.431872
38.24       	0.444921
38.28       	0.457395
38.32       	0.469284
38.36       	0.480581
38.4        	0.491279
38.44       	0.501369
38.48       	0.510846
38.52       	0.519702
38.56       	0.527933
38.6        	0.535531
38.64       	0.542494
38.68       	0.548815
38.72       	0.55449
38.76       	0.559517
38.8        	0.563892
38.84       	0.567613
38.88       	0.570676
38.92       	0.57308
38.96       	0.574824
39          	0.575907
39.04       	0.576328
39.08       	0.576088
39.12       	0.575188
39.16       	0.573627
39.2        	0.571409
39.24       	0.568534
39.28       	0.565005
39.32       	0.560825
39.36       	0.555997
39.4        	0.550525
39.44       	0.544414
39.48       	0.537668
39.52       	0.530292
39.56       	0.522292
39.6        	0.513674
39.64       	0.504445
39.68       	0.494611
39.72       	0.484179
39.76       	0.473158
39.8        	0.461556
39.84       	0.449381
39.88       	0.436643
39.92       	0.423351
39.96       	0.409514
40          	0.395143
40.04       	0.380248
40.08       	0.364841
40.12       	0.348932
40.16       	0.332534
40.2        	0.315658
40.24       	0.298317
40.28       	0.280524
40.32       	0.262291
40.36       	0.243632
40.4        	0.22456
40.44       	0.205089
40.48       	0.185235
40.52       	0.16501
40.56       	0.14443
40.6        	0.123509
40.64       	0.102264
40.68       	0.0807093
40.72       	0.0588607
40.76       	0.0367341
40.8        	0.0143456
40.84       	-0.00828839
40.88       	-0.0311516
40.92       	-0.0542272
40.96       	-0.0774987
41          	-0.100949
41.04       	-0.124561
41.08       	-0.148318
41.12       	-0.172202
41.16       	-0.196197
41.2        	-0.220284
41.24       	-0.244446
41.28       	-0.268666
41.32       	-0.292926
41.36       	-0.317209
41.4        	-0.341496
41.44       	-0.365771
41.48       	-0.390016
41.52       	-0.414212
41.56       	-0.438344
41.6        	-0.462392
41.64       	-0.486339
41.68       	-0.510169
41.72       	-0.533864
41.76       	-0.557407
41.8        	-0.58078
41.84       	-0.603967
41.88       	-0.626951
41.92       	-0.649715
41.96       	-0.672243
42          	-0.694518
42.04       	-0.716524
42.08       	-0.738245
42.12       	-0.759666
42.16       	-0.78077
42.2        	-0.801543
42.24       	-0.821969
42.28       	-0.842034
42.32       	-0.861722
42.36       	-0.88102
42.4        	-0.899913
42.44       	-0.918388
42.48       	-0.936432
42.52       	-0.95403
42.56       	-0.97117
42.6        	-0.987841
42.64       	-1.00403
42.68       	-1.01972
42.72       	-1.03491
42.76       	-1.04958
42.8        	-1.06372
42.84       	-1.07733
42.88       	-1.09038
42.92       	-1.10288
42.96       	-1.11482
43          	-1.12617
43.04       	-1.13694
43.08       	-1.14712
43.12       	-1.1567
43.16       	-1.16568
43.2        	-1.17404
43.24       	-1.18178
43.28       	-1.18889
43.32       	-1.19537
43.36       	-1.20122
43.4        	-1.20643
43.44       	-1.21099
43.48       	-1.21491
43.52       	-1.21817
43.56       	-1.22078
43.6        	-1.22273
43.64       	-1.22403
43.68       	-1.22467
43.72       	-1.22464
43.76       	-1.22396
43.8        	-1.22262
43.84       	-1.22062
43.88       	-1.21796
43.92       	-1.21464
43.96       	-1.21067
44          	-1.20605
44.04       	-1.20078
44.08       	-1.19486
44.12       	-1.1883
44.16       	-1.1811
44.2        	-1.17328
44.24       	-1.16482
44.28       	-1.15574
44.32       	-1.14605
44.36       	-1.13575
44.4        	-1.12484
44.44       	-1.11335
44.48       	-1.10126
44.52       	-1.0886
44.56       	-1.07537
44.6        	-1.06158
44.64       	-1.04723
44.68       	-1.03235
44.72       	-1.01693
44.76       	-1.001
44.8        	-0.984555
44.84       	-0.967614
44.88       	-0.950186
44.92       	-0.932284
44.96       	-0.913921
45          	-0.89511
45.04       	-0.875863
45.08       	-0.856193
45.12       	-0.836115
45.16       	-0.815643
45.2        	-0.79479
45.24       	-0.773571
45.28       	-0.752002
45.32       	-0.730096
45.36       	-0.70787
45.4        	-0.685339
45.44       	-0.662518
45.48       	-0.639424
45.52       	-0.616072
45.56       	-0.592479
45.6        	-0.568662
45.64       	-0.544636
45.68       	-0.52042
45.72       	-0.496029
45.76       	-0.471481
45.8        	-0.446793
45.84       	-0.421983
45.88       	-0.397066
45.92       	-0.372062
45.96       	-0.346987
46          	-0.32186
46.04       	-0.296697
46.08       	-0.271516
46.12       	-0.246335
46.16       	-0.221171
46.2        	-0.196042
46.24       	-0.170966
46.28       	-0.14596
46.32       	-0.121042
46.36       	-0.0962288
46.4        	-0.071538
46.44       	-0.0469869
46.48       	-0.0225927
46.52       	0.00162763
46.56       	0.0256571
46.6        	0.0494789
46.64       	0.0730763
46.68       	0.096433
46.72       	0.119533
46.76       	0.142359
46.8        	0.164896
46.84       	0.187128
46.88       	0.209039
46.92       	0.230615
46.96       	0.25184
47          	0.272699
47.04       	0.293179
47.08       	0.313263
47.12       	0.332939
47.16       	0.352193
47.2        	0.371011
47.24       	0.389381
47.28       	0.407289
47.32       	0.424723
47.36       	0.441671
47.4        	0.458121
47.44       	0.474062
47.48       	0.489483
47.52       	0.504373
47.56       	0.518721
47.6        	0.532518
47.64       	0.545754
47.68       	0.55842
47.72       	0.570508
47.76       	0.582009
47.8        	0.592914
47.84       	0.603218
47.88       	0.612912
47.92       	0.62199
47.96       	0.630445
48          	0.638273
48.04       	0.645468
48.08       	0.652024
48.12       	0.657938
48.16       	0.663205
48.2        	0.667823
48.24       	0.671787
48.28       	0.675097
48.32       	0.677748
48.36       	0.679741
48.4        	0.681073
48.44       	0.681744
48.48       	0.681753
48.52       	0.681102
48.56       	0.679791
48.6        	0.677821
48.64       	0.675193
48.68       	0.67191
48.72       	0.667974
48.76       	0.663389
48.8        	0.658158
48.84       	0.652284
48.88       	0.645773
48.92       	0.63863
48.96       	0.630858
49          	0.622466
49.04       	0.613458
49.08       	0.603841
49.12       	0.593622
49.16       	0.58281
49.2        	0.571411
49.24       	0.559435
49.28       	0.546889
49.32       	0.533784
49.36       	0.520128
49.4        	0.505933
49.44       	0.491207
49.48       	0.475962
49.52       	0.460209
49.56       	0.443959
49.6        	0.427225
49.64       	0.410018
49.68       	0.39235
49.72       	0.374235
49.76       	0.355686
49.8        	0.336716
49.84       	0.31734
49.88       	0.29757
49.92       	0.277421
49.96       	0.256908
50          	0.236046
50.04       	0.21485
50.08       	0.193335
50.12       	0.171516
50.16       	0.14941
50.2        	0.127033
50.24       	0.1044
50.28       	0.0815273
50.32       	0.0584325
50.36       	0.0351318
50.4        	0.011642
50.44       	-0.01202
50.48       	-0.035837
50.52       	-0.059792
50.56       	-0.0838676
50.6        	-0.108046
50.64       	-0.132311
50.68       	-0.156644
50.72       	-0.181028
50.76       	-0.205445
50.8        	-0.229877
50.84       	-0.254307
50.88       	-0.278718
50.92       	-0.303092
50.96       	-0.32741
51          	-0.351657
51.04       	-0.375813
51.08       	-0.399862
51.12       	-0.423787
51.16       	-0.44757
51.2        	-0.471193
51.24       	-0.494641
51.28       	-0.517896
51.32       	-0.540941
51.36       	-0.563759
51.4        	-0.586335
51.44       	-0.608652
51.48       	-0.630693
51.52       	-0.652443
51.56       	-0.673887
51.6        	-0.695008
51.64       	-0.715792
51.68       	-0.736222
51.72       	-0.756286
51.76       	-0.775968
51.8        	-0.795253
51.84       	-0.814129
51.88       	-0.832581
51.92       	-0.850596
51.96       	-0.86816
52          	-0.885262
52.04       	-0.901889
52.08       	-0.918028
52.12       	-0.933669
52.16       	-0.948799
52.2        	-0.963408
52.24       	-0.977484
52.28       	-0.991019
52.32       	-1.004
52.36       	-1.01642
52.4        	-1.02827
52.44       	-1.03954
52.48       	-1.05023
52.52       	-1.06032
52.56       	-1.0698
52.6        	-1.07868
52.64       	-1.08694
52.68       	-1.09458
52.72       	-1.10159
52.76       	-1.10796
52.8        	-1.1137
52.84       	-1.1188
52.88       	-1.12325
52.92       	-1.12705
52.96       	-1.1302
53          	-1.13269
53.04       	-1.13453
53.08       	-1.13571
53.12       	-1.13623
53.16       	-1.13609
53.2        	-1.13528
53.24       	-1.13382
53.28       	-1.1317
53.32       	-1.12892
53.36       	-1.12549
53.4        	-1.1214
53.44       	-1.11666
53.48       	-1.11128
53.52       	-1.10525
53.56       	-1.09858
53.6        	-1.09127
53.64       	-1.08333
53.68       	-1.07477
53.72       	-1.06559
53.76       	-1.05579
53.8        	-1.04539
53.84       	-1.03439
53.88       	-1.0228
53.92       	-1.01062
53.96       	-0.997868
54          	-0.984551
54.04       	-0.970676
54.08       	-0.956254
54.12       	-0.941295
54.16       	-0.925809
54.2        	-0.909806
54.24       	-0.893299
54.28       	-0.876298
54.32       	-0.858816
54.36       	-0.840864
54.4        	-0.822456
54.44       	-0.803604
54.48       	-0.784321
54.52       	-0.76462
54.56       	-0.744517
54.6        	-0.724024
54.64       	-0.703156
54.68       	-0.681927
54.72       	-0.660354
54.76       	-0.638449
54.8        	-0.61623
54.84       	-0.593712
54.88       	-0.57091
54.92       	-0.54784
54.96       	-0.524519
55          	-0.500963
55.04       	-0.477189
55.08       	-0.453213
55.12       	-0.429052
55.16       	-0.404723
55.2        	-0.380243
55.24       	-0.355629
55.28       	-0.330899
55.32       	-0.306071
55.36       	-0.28116
55.4        	-0.256186
55.44       	-0.231165
55.48       	-0.206115
55.52       	-0.181054
55.56       	-0.156
55.6        	-0.130969
55.64       	-0.10598
55.68       	-0.0810497
55.72       	-0.0561964
55.76       	-0.0314371
55.8        	-0.00678943
55.84       	0.0177294
55.88       	0.0421022
55.92       	0.0663118
55.96       	0.0903412
56          	0.114173
56.04       	0.137792
56.08       	0.16118
56.12       	0.184321
56.16       	0.207199
56.2        	0.229798
56.24       	0.252101
56.28       	0.274094
56.32       	0.295761
56.36       	0.317086
56.4        	0.338055
56.44       	0.358653
56.48       	0.378866
56.52       	0.398678
56.56       	0.418078
56.6        	0.437049
56.64       	0.455581
56.68       	0.473659
56.72       	0.491271
56.76       	0.508404
56.8        	0.525047
56.84       	0.541188
56.88       	0.556816
56.92       	0.571919
56.96       	0.586488
57          	0.600511
57.04       	0.61398
57.08       	0.626885
57.12       	0.639216
57.16       	0.650966
57.2        	0.662126
57.24       	0.672688
57.28       	0.682646
57.32       	0.691991
57.36       	0.700718
57.4        	0.708821
57.44       	0.716294
57.48       	0.723132
57.52       	0.729331
57.56       	0.734885
57.6        	0.739792
57.64       	0.744048
57.68       	0.74765
57.72       	0.750596
57.76       	0.752884
57.8        	0.754512
57.84       	0.75548
57.88       	0.755787
57.92       	0.755433
57.96       	0.754419
58          	0.752744
58.04       	0.750412
58.08       	0.747423
58.12       	0.74378
58.16       	0.739485
58.2        	0.734542
58.24       	0.728955
58.28       	0.722728
58.32       	0.715865
58.36       	0.708372
58.4        	0.700253
58.44       	0.691515
58.48       	0.682165
58.52       	0.672208
58.56       	0.661653
58.6        	0.650508
58.64       	0.638779
58.68       	0.626476
58.72       	0.613607
58.76       	0.600183
58.8        	0.586212
58.84       	0.571705
58.88       	0.556672
58.92       	0.541124
58.96       	0.525073
59          	0.50853
59.04       	0.491507
59.08       	0.474016
59.12       	0.456069
59.16       	0.437681
59.2        	0.418863
59.24       	0.39963
59.28       	0.379996
59.32       	0.359974
59.36       	0.339579
59.4        	0.318826
59.44       	0.297729
59.48       	0.276304
59.52       	0.254566
59.56       	0.232531
59.6        	0.210215
59.64       	0.187633
59.68       	0.164803
59.72       	0.141739
59.76       	0.11846
59.8        	0.094981
59.84       	0.0713197
59.88       	0.0474929
59.92       	0.0235178
59.96       	-0.000588492
