0           	0.2
0.04        	0.199943
0.08        	0.19978
0.12        	0.19946
0.16        	0.198937
0.2         	0.198164
0.24        	0.197095
0.28        	0.195685
0.32        	0.193892
0.36        	0.191672
0.4         	0.188986
0.44        	0.185793
0.48        	0.182055
0.52        	0.177734
0.56        	0.172794
0.6         	0.167201
0.64        	0.16092
0.68        	0.153919
0.72        	0.146167
0.76        	0.137635
0.8         	0.128293
0.84        	0.118115
0.88        	0.107074
0.92        	0.095146
0.96        	0.0823071
1           	0.0685353
1.04        	0.05381
1.08        	0.0381117
1.12        	0.0214222
1.16        	0.00372474
1.2         	-0.0149962
1.24        	-0.0347548
1.28        	-0.055564
1.32        	-0.0774353
1.36        	-0.100379
1.4         	-0.124404
1.44        	-0.149517
1.48        	-0.175726
1.52        	-0.203035
1.56        	-0.231449
1.6         	-0.260968
1.64        	-0.291595
1.68        	-0.32333
1.72        	-0.356171
1.76        	-0.390115
1.8         	-0.425159
1.84        	-0.461298
1.88        	-0.498525
1.92        	-0.536833
1.96        	-0.576214
2           	-0.616657
2.04        	-0.658151
2.08        	-0.700684
2.12        	-0.744244
2.16        	-0.788815
2.2         	-0.834383
2.24        	-0.880929
2.28        	-0.928438
2.32        	-0.976891
2.36        	-1.02627
2.4         	-1.07655
2.44        	-1.12771
2.48        	-1.17972
2.52        	-1.23258
2.56        	-1.28624
2.6         	-1.34069
2.64        	-1.3959
2.68        	-1.45185
2.72        	-1.50849
2.76        	-1.56582
2.8         	-1.62378
2.84        	-1.68237
2.88        	-1.74154
2.92        	-1.80126
2.96        	-1.86151
3           	-1.92225
3.04        	-1.98344
3.08        	-2.04505
3.12        	-2.10705
3.16        	-2.1694
3.2         	-2.23207
3.24        	-2.29501
3.28        	-2.35821
3.32        	-2.42161
3.36        	-2.48518
3.4         	-2.54888
3.44        	-2.61268
3.48        	-2.67653
3.52        	-2.74041
3.56        	-2.80426
3.6         	-2.86806
3.64        	-2.93176
3.68        	-2.99532
3.72        	-3.0587
3.76        	-3.12188
3.8         	3.09839
3.84        	3.03559
3.88        	2.97295
3.92        	2.91051
3.96        	2.84831
4           	2.7864
4.04        	2.72482
4.08        	2.66361
4.12        	2.60281
4.16        	2.54246
4.2         	2.48261
4.24        	2.42329
4.28        	2.36454
4.32        	2.3064
4.36        	2.24892
4.4         	2.19212
4.44        	2.13606
4.48        	2.08076
4.52        	2.02626
4.56        	1.9726
4.6         	1.91981
4.64        	1.86793
4.68        	1.817
4.72        	1.76705
4.76        	1.7181
4.8         	1.6702
4.84        	1.62338
4.88        	1.57766
4.92        	1.53307
4.96        	1.48965
5           	1.44742
5.04        	1.40641
5.08        	1.36665
5.12        	1.32816
5.16        	1.29097
5.2         	1.2551
5.24        	1.22057
5.28        	1.18741
5.32        	1.15564
5.36        	1.12527
5.4         	1.09633
5.44        	1.06883
5.48        	1.04279
5.52        	1.01823
5.56        	0.995157
5.6         	0.973591
5.64        	0.953541
5.68        	0.935021
5.72        	0.91804
5.76        	0.902607
5.8         	0.888732
5.84        	0.87642
5.88        	0.865678
5.92        	0.856511
5.96        	0.848922
6           	0.842915
6.04        	0.83849
6.08        	0.835648
6.12        	0.834389
6.16        	0.834709
6.2         	0.836607
6.24        	0.840079
6.28        	0.845118
6.32        	0.851718
6.36        	0.859873
6.4         	0.869573
6.44        	0.880808
6.48        	0.893568
6.52        	0.907841
6.56        	0.923614
6.6         	0.940873
6.64        	0.959603
6.68        	0.979787
6.72        	1.00141
6.76        	1.02445
6.8         	1.04889
6.84        	1.07471
6.88        	1.10189
6.92        	1.1304
6.96        	1.16023
7           	1.19135
7.04        	1.22373
7.08        	1.25735
7.12        	1.29218
7.16        	1.32819
7.2         	1.36536
7.24        	1.40366
7.28        	1.44305
7.32        	1.48351
7.36        	1.525
7.4         	1.56749
7.44        	1.61094
7.48        	1.65534
7.52        	1.70063
7.56        	1.74679
7.6         	1.79377
7.64        	1.84155
7.68        	1.89008
7.72        	1.93934
7.76        	1.98927
7.8         	2.03984
7.84        	2.09102
7.88        	2.14276
7.92        	2.19503
7.96        	2.24778
8           	2.30097
8.04        	2.35457
8.08        	2.40853
8.12        	2.46281
8.16        	2.51737
8.2         	2.57216
8.24        	2.62716
8.28        	2.6823
8.32        	2.73756
8.36        	2.79289
8.4         	2.84825
8.44        	2.90359
8.48        	2.95887
8.52        	3.01406
8.56        	3.0691
8.6         	3.12396
8.64        	-3.10459
8.68        	-3.05005
8.72        	-2.99564
8.76        	-2.94141
8.8         	-2.88741
8.84        	-2.83368
8.88        	-2.78026
8.92        	-2.7272
8.96        	-2.67454
9           	-2.62232
9.04        	-2.57059
9.08        	-2.51938
9.12        	-2.46874
9.16        	-2.4187
9.2         	-2.36931
9.24        	-2.32061
9.28        	-2.27263
9.32        	-2.22542
9.36        	-2.179
9.4         	-2.13342
9.44        	-2.08871
9.48        	-2.0449
9.52        	-2.00204
9.56        	-1.96015
9.6         	-1.91927
9.64        	-1.87943
9.68        	-1.84066
9.72        	-1.80298
9.76        	-1.76644
9.8         	-1.73105
9.84        	-1.69685
9.88        	-1.66385
9.92        	-1.6321
9.96        	-1.6016
10          	-1.57239
10.04       	-1.54448
10.08       	-1.5179
10.12       	-1.49267
10.16       	-1.4688
10.2        	-1.44632
10.24       	-1.42524
10.28       	-1.40558
10.32       	-1.38736
10.36       	-1.37057
10.4        	-1.35525
10.44       	-1.34141
10.48       	-1.32904
10.52       	-1.31816
10.56       	-1.30878
10.6        	-1.30091
10.64       	-1.29455
10.68       	-1.28971
10.72       	-1.28639
10.76       	-1.28459
10.8        	-1.28431
10.84       	-1.28556
10.88       	-1.28833
10.92       	-1.29262
10.96       	-1.29843
11          	-1.30575
11.04       	-1.31458
11.08       	-1.32492
11.12       	-1.33674
11.16       	-1.35005
11.2        	-1.36483
11.24       	-1.38108
11.28       	-1.39877
11.32       	-1.4179
11.36       	-1.43846
11.4        	-1.46042
11.44       	-1.48378
11.48       	-1.5085
11.52       	-1.53458
11.56       	-1.562
11.6        	-1.59073
11.64       	-1.62075
11.68       	-1.65204
11.72       	-1.68458
11.76       	-1.71834
11.8        	-1.7533
11.84       	-1.78942
11.88       	-1.82669
11.92       	-1.86508
11.96       	-1.90455
12          	-1.94508
12.04       	-1.98664
12.08       	-2.02919
12.12       	-2.07271
12.16       	-2.11715
12.2        	-2.16249
12.24       	-2.2087
12.28       	-2.25574
12.32       	-2.30357
12.36       	-2.35215
12.4        	-2.40146
12.44       	-2.45145
12.48       	-2.50209
12.52       	-2.55334
12.56       	-2.60516
12.6        	-2.65751
12.64       	-2.71036
12.68       	-2.76365
12.72       	-2.81736
12.76       	-2.87144
12.8        	-2.92586
12.84       	-2.98056
12.88       	-3.03552
12.92       	-3.09068
12.96       	3.13718
13          	3.08154
13.04       	3.02566
13.08       	2.96956
13.12       	2.9133
13.16       	2.85691
13.2        	2.80046
13.24       	2.74397
13.28       	2.68749
13.32       	2.63108
13.36       	2.57477
13.4        	2.51861
13.44       	2.46264
13.48       	2.40691
13.52       	2.35145
13.56       	2.29632
13.6        	2.24156
13.64       	2.1872
13.68       	2.1333
13.72       	2.07988
13.76       	2.027
13.8        	1.97469
13.84       	1.92299
13.88       	1.87195
13.92       	1.8216
13.96       	1.77198
14          	1.72312
14.04       	1.67507
14.08       	1.62786
14.12       	1.58153
14.16       	1.53611
14.2        	1.49164
14.24       	1.44815
14.28       	1.40566
14.32       	1.36423
14.36       	1.32386
14.4        	1.2846
14.44       	1.24648
14.48       	1.20952
14.52       	1.17375
14.56       	1.1392
14.6        	1.10588
14.64       	1.07384
14.68       	1.04309
14.72       	1.01365
14.76       	0.985542
14.8        	0.958793
14.84       	0.933419
14.88       	0.909439
14.92       	0.886871
14.96       	0.86573
15          	0.846033
15.04       	0.827793
15.08       	0.811023
15.12       	0.795737
15.16       	0.781944
15.2        	0.769655
15.24       	0.758878
15.28       	0.749621
15.32       	0.74189
15.36       	0.73569
15.4        	0.731026
15.44       	0.727901
15.48       	0.726316
15.52       	0.726272
15.56       	0.72777
15.6        	0.730806
15.64       	0.735379
15.68       	0.741485
15.72       	0.749118
15.76       	0.758273
15.8        	0.768942
15.84       	0.781117
15.88       	0.794788
15.92       	0.809945
15.96       	0.826577
16          	0.84467
16.04       	0.86421
16.08       	0.885183
16.12       	0.907573
16.16       	0.931362
16.2        	0.956533
16.24       	0.983067
16.28       	1.01094
16.32       	1.04014
16.36       	1.07064
16.4        	1.10241
16.44       	1.13544
16.48       	1.16969
16.52       	1.20515
16.56       	1.24178
16.6        	1.27956
16.64       	1.31845
16.68       	1.35844
16.72       	1.39949
16.76       	1.44157
16.8        	1.48465
16.84       	1.52869
16.88       	1.57367
16.92       	1.61954
16.96       	1.66628
17          	1.71385
17.04       	1.76222
17.08       	1.81134
17.12       	1.86119
17.16       	1.91172
17.2        	1.96289
17.24       	2.01468
17.28       	2.06703
17.32       	2.11992
17.36       	2.1733
17.4        	2.22713
17.44       	2.28137
17.48       	2.33598
17.52       	2.39092
17.56       	2.44615
17.6        	2.50163
17.64       	2.55731
17.68       	2.61316
17.72       	2.66913
17.76       	2.72519
17.8        	2.78128
17.84       	2.83737
17.88       	2.89342
17.92       	2.94937
17.96       	3.0052
18          	3.06086
18.04       	3.11631
18.08       	-3.11168
18.12       	-3.05661
18.16       	-3.0017
18.2        	-2.94699
18.24       	-2.89255
18.28       	-2.83839
18.32       	-2.78458
18.36       	-2.73115
18.4        	-2.67815
18.44       	-2.62562
18.48       	-2.57359
18.52       	-2.52212
18.56       	-2.47123
18.6        	-2.42098
18.64       	-2.37139
18.68       	-2.32252
18.72       	-2.27439
18.76       	-2.22705
18.8        	-2.18053
18.84       	-2.13486
18.88       	-2.09009
18.92       	-2.04625
18.96       	-2.00337
19          	-1.96148
19.04       	-1.92062
19.08       	-1.88081
19.12       	-1.84209
19.16       	-1.80449
19.2        	-1.76804
19.24       	-1.73276
19.28       	-1.69868
19.32       	-1.66583
19.36       	-1.63423
19.4        	-1.60391
19.44       	-1.57488
19.48       	-1.54717
19.52       	-1.52081
19.56       	-1.4958
19.6        	-1.47218
19.64       	-1.44995
19.68       	-1.42913
19.72       	-1.40975
19.76       	-1.39181
19.8        	-1.37532
19.84       	-1.36031
19.88       	-1.34677
19.92       	-1.33472
19.96       	-1.32418
20          	-1.31514
20.04       	-1.30761
20.08       	-1.3016
20.12       	-1.29711
20.16       	-1.29415
20.2        	-1.29272
20.24       	-1.29281
20.28       	-1.29443
20.32       	-1.29758
20.36       	-1.30225
20.4        	-1.30845
20.44       	-1.31615
20.48       	-1.32537
20.52       	-1.33609
20.56       	-1.3483
20.6        	-1.36199
20.64       	-1.37716
20.68       	-1.39379
20.72       	-1.41187
20.76       	-1.43138
20.8        	-1.45231
20.84       	-1.47465
20.88       	-1.49837
20.92       	-1.52346
20.96       	-1.54991
21          	-1.57768
21.04       	-1.60676
21.08       	-1.63713
21.12       	-1.66876
21.16       	-1.70163
21.2        	-1.73572
21.24       	-1.771
21.28       	-1.80744
21.32       	-1.84501
21.36       	-1.88369
21.4        	-1.92345
21.44       	-1.96425
21.48       	-2.00608
21.52       	-2.04889
21.56       	-2.09265
21.6        	-2.13733
21.64       	-2.1829
21.68       	-2.22932
21.72       	-2.27656
21.76       	-2.32458
21.8        	-2.37335
21.84       	-2.42283
21.88       	-2.47297
21.92       	-2.52376
21.96       	-2.57514
22          	-2.62707
22.04       	-2.67953
22.08       	-2.73246
22.12       	-2.78583
22.16       	-2.83961
22.2        	-2.89374
22.24       	-2.94819
22.28       	-3.00291
22.32       	-3.05787
22.36       	-3.11303
22.4        	3.11485
22.44       	3.05925
22.48       	3.00341
22.52       	2.94738
22.56       	2.8912
22.6        	2.83491
22.64       	2.77856
22.68       	2.72219
22.72       	2.66586
22.76       	2.6096
22.8        	2.55346
22.84       	2.49748
22.88       	2.4417
22.92       	2.38618
22.96       	2.33095
23          	2.27606
23.04       	2.22155
23.08       	2.16746
23.12       	2.11384
23.16       	2.06072
23.2        	2.00814
23.24       	1.95615
23.28       	1.90479
23.32       	1.8541
23.36       	1.80411
23.4        	1.75486
23.44       	1.70639
23.48       	1.65874
23.52       	1.61194
23.56       	1.56604
23.6        	1.52105
23.64       	1.47702
23.68       	1.43398
23.72       	1.39197
23.76       	1.35101
23.8        	1.31113
23.84       	1.27237
23.88       	1.23476
23.92       	1.19831
23.96       	1.16306
24          	1.12904
24.04       	1.09627
24.08       	1.06478
24.12       	1.03458
24.16       	1.00571
24.2        	0.978174
24.24       	0.952002
24.28       	0.927211
24.32       	0.90382
24.36       	0.881846
24.4        	0.861305
24.44       	0.842211
24.48       	0.824579
24.52       	0.808421
24.56       	0.79375
24.6        	0.780574
24.64       	0.768905
24.68       	0.75875
24.72       	0.750117
24.76       	0.743011
24.8        	0.737437
24.84       	0.733399
24.88       	0.7309
24.92       	0.729941
24.96       	0.730522
25          	0.732643
25.04       	0.736301
25.08       	0.741493
25.12       	0.748216
25.16       	0.756463
25.2        	0.766229
25.24       	0.777505
25.28       	0.790282
25.32       	0.804552
25.36       	0.820302
25.4        	0.837521
25.44       	0.856195
25.48       	0.876311
25.52       	0.897853
25.56       	0.920804
25.6        	0.945148
25.64       	0.970866
25.68       	0.997938
25.72       	1.02634
25.76       	1.05606
25.8        	1.08707
25.84       	1.11935
25.88       	1.15287
25.92       	1.1876
25.96       	1.22353
26          	1.26062
26.04       	1.29885
26.08       	1.33818
26.12       	1.3786
26.16       	1.42006
26.2        	1.46254
26.24       	1.50601
26.28       	1.55043
26.32       	1.59576
26.36       	1.64199
26.4        	1.68907
26.44       	1.73696
26.48       	1.78563
26.52       	1.83505
26.56       	1.88517
26.6        	1.93596
26.64       	1.98739
26.68       	2.03941
26.72       	2.09198
26.76       	2.14507
26.8        	2.19864
26.84       	2.25264
26.88       	2.30704
26.92       	2.36179
26.96       	2.41685
27          	2.47219
27.04       	2.52776
27.08       	2.58352
27.12       	2.63943
27.16       	2.69545
27.2        	2.75153
27.24       	2.80763
27.28       	2.86372
27.32       	2.91974
27.36       	2.97566
27.4        	3.03144
27.44       	3.08703
27.48       	-3.1408
27.52       	-3.08553
27.56       	-3.0304
27.6        	-2.97546
27.64       	-2.92074
27.68       	-2.8663
27.72       	-2.81217
27.76       	-2.7584
27.8        	-2.70503
27.84       	-2.65211
27.88       	-2.59967
27.92       	-2.54776
27.96       	-2.49641
28          	-2.44568
28.04       	-2.39559
28.08       	-2.34619
28.12       	-2.29751
28.16       	-2.2496
28.2        	-2.20249
28.24       	-2.15622
28.28       	-2.11081
28.32       	-2.06632
28.36       	-2.02277
28.4        	-1.98019
28.44       	-1.93862
28.48       	-1.89809
28.52       	-1.85864
28.56       	-1.82028
28.6        	-1.78305
28.64       	-1.74698
28.68       	-1.7121
28.72       	-1.67843
28.76       	-1.646
28.8        	-1.61483
28.84       	-1.58494
28.88       	-1.55636
28.92       	-1.52911
28.96       	-1.50322
29          	-1.47869
29.04       	-1.45555
29.08       	-1.43381
29.12       	-1.41349
29.16       	-1.39461
29.2        	-1.37718
29.24       	-1.36121
29.28       	-1.34672
29.32       	-1.33371
29.36       	-1.3222
29.4        	-1.31219
29.44       	-1.30369
29.48       	-1.2967
29.52       	-1.29124
29.56       	-1.2873
29.6        	-1.28489
29.64       	-1.28401
29.68       	-1.28466
29.72       	-1.28683
29.76       	-1.29053
29.8        	-1.29576
29.84       	-1.3025
29.88       	-1.31076
29.92       	-1.32052
29.96       	-1.33178
30          	-1.34454
30.04       	-1.35877
30.08       	-1.37447
30.12       	-1.39164
30.16       	-1.41024
30.2        	-1.43028
30.24       	-1.45173
30.28       	-1.47458
30.32       	-1.4988
30.36       	-1.5244
30.4        	-1.55133
30.44       	-1.57959
30.48       	-1.60915
30.52       	-1.63998
30.56       	-1.67208
30.6        	-1.7054
30.64       	-1.73993
30.68       	-1.77564
30.72       	-1.8125
30.76       	-1.85049
30.8        	-1.88957
30.84       	-1.92972
30.88       	-1.97091
30.92       	-2.0131
30.96       	-2.05627
31          	-2.10038
31.04       	-2.14539
31.08       	-2.19128
31.12       	-2.23801
31.16       	-2.28554
31.2        	-2.33385
31.24       	-2.38288
31.28       	-2.43261
31.32       	-2.483
31.36       	-2.53401
31.4        	-2.5856
31.44       	-2.63773
31.48       	-2.69037
31.52       	-2.74347
31.56       	-2.797
31.6        	-2.85091
31.64       	-2.90516
31.68       	-2.95972
31.72       	-3.01454
31.76       	-3.06958
31.8        	-3.12479
31.84       	3.10304
31.88       	3.04741
31.92       	2.99156
31.96       	2.93553
32          	2.87937
32.04       	2.82311
32.08       	2.76681
32.12       	2.71051
32.16       	2.65425
32.2        	2.59809
32.24       	2.54206
32.28       	2.4862
32.32       	2.43057
32.36       	2.37521
32.4        	2.32015
32.44       	2.26545
32.48       	2.21114
32.52       	2.15727
32.56       	2.10387
32.6        	2.051
32.64       	1.99869
32.68       	1.94698
32.72       	1.8959
32.76       	1.84551
32.8        	1.79584
32.84       	1.74692
32.88       	1.69879
32.92       	1.6515
32.96       	1.60507
33          	1.55954
33.04       	1.51495
33.08       	1.47133
33.12       	1.4287
33.16       	1.38712
33.2        	1.34659
33.24       	1.30717
33.28       	1.26887
33.32       	1.23172
33.36       	1.19575
33.4        	1.161
33.44       	1.12747
33.48       	1.09521
33.52       	1.06423
33.56       	1.03455
33.6        	1.00621
33.64       	0.97921
33.68       	0.953582
33.72       	0.929341
33.76       	0.906506
33.8        	0.885093
33.84       	0.865119
33.88       	0.846597
33.92       	0.82954
33.96       	0.813962
34          	0.799874
34.04       	0.787286
34.08       	0.776206
34.12       	0.766642
34.16       	0.758602
34.2        	0.752091
34.24       	0.747113
34.28       	0.743672
34.32       	0.74177
34.36       	0.741407
34.4        	0.742584
34.44       	0.745299
34.48       	0.749551
34.52       	0.755334
34.56       	0.762646
34.6        	0.771479
34.64       	0.781827
34.68       	0.793682
34.72       	0.807035
34.76       	0.821875
34.8        	0.838191
34.84       	0.855971
34.88       	0.8752
34.92       	0.895864
34.96       	0.917948
35          	0.941435
35.04       	0.966307
35.08       	0.992545
35.12       	1.02013
35.16       	1.04904
35.2        	1.07925
35.24       	1.11075
35.28       	1.1435
35.32       	1.17749
35.36       	1.21268
35.4        	1.24905
35.44       	1.28658
35.48       	1.32523
35.52       	1.36498
35.56       	1.4058
35.6        	1.44765
35.64       	1.4905
35.68       	1.53433
35.72       	1.5791
35.76       	1.62478
35.8        	1.67133
35.84       	1.71872
35.88       	1.76691
35.92       	1.81586
35.96       	1.86555
36          	1.91593
36.04       	1.96696
36.08       	2.01861
36.12       	2.07084
36.16       	2.12361
36.2        	2.17688
36.24       	2.23061
36.28       	2.28476
36.32       	2.33929
36.36       	2.39416
36.4        	2.44933
36.44       	2.50475
36.48       	2.56039
36.52       	2.61621
36.56       	2.67215
36.6        	2.72819
36.64       	2.78428
36.68       	2.84037
36.72       	2.89643
36.76       	2.95241
36.8        	3.00827
36.84       	3.06397
36.88       	3.11947
36.92       	-3.10846
36.96       	-3.05332
37          	-2.99833
37.04       	-2.94354
37.08       	-2.88899
37.12       	-2.83474
37.16       	-2.78081
37.2        	-2.72726
37.24       	-2.67412
37.28       	-2.62144
37.32       	-2.56927
37.36       	-2.51763
37.4        	-2.46658
37.44       	-2.41615
37.48       	-2.36638
37.52       	-2.31731
37.56       	-2.26898
37.6        	-2.22143
37.64       	-2.17469
37.68       	-2.1288
37.72       	-2.0838
37.76       	-2.03972
37.8        	-1.99659
37.84       	-1.95444
37.88       	-1.91332
37.92       	-1.87325
37.96       	-1.83426
38          	-1.79638
38.04       	-1.75964
38.08       	-1.72407
38.12       	-1.6897
38.16       	-1.65654
38.2        	-1.62464
38.24       	-1.594
38.28       	-1.56466
38.32       	-1.53663
38.36       	-1.50994
38.4        	-1.4846
38.44       	-1.46064
38.48       	-1.43808
38.52       	-1.41692
38.56       	-1.3972
38.6        	-1.37891
38.64       	-1.36208
38.68       	-1.34671
38.72       	-1.33282
38.76       	-1.32042
38.8        	-1.30952
38.84       	-1.30012
38.88       	-1.29223
38.92       	-1.28587
38.96       	-1.28102
39          	-1.2777
39.04       	-1.27591
39.08       	-1.27564
39.12       	-1.27691
39.16       	-1.2797
39.2        	-1.28401
39.24       	-1.28985
39.28       	-1.29721
39.32       	-1.30607
39.36       	-1.31644
39.4        	-1.3283
39.44       	-1.34165
39.48       	-1.35648
39.52       	-1.37277
39.56       	-1.39052
39.6        	-1.4097
39.64       	-1.43031
39.68       	-1.45232
39.72       	-1.47573
39.76       	-1.5005
39.8        	-1.52664
39.84       	-1.55411
39.88       	-1.58289
39.92       	-1.61297
39.96       	-1.64431
40          	-1.6769
40.04       	-1.71072
40.08       	-1.74573
40.12       	-1.7819
40.16       	-1.81922
40.2        	-1.85766
40.24       	-1.89717
40.28       	-1.93775
40.32       	-1.97935
40.36       	-2.02194
40.4        	-2.06549
40.44       	-2.10997
40.48       	-2.15535
40.52       	-2.20158
40.56       	-2.24865
40.6        	-2.2965
40.64       	-2.34511
40.68       	-2.39443
40.72       	-2.44444
40.76       	-2.49509
40.8        	-2.54635
40.84       	-2.59817
40.88       	-2.65052
40.92       	-2.70336
40.96       	-2.75665
41          	-2.81035
41.04       	-2.86441
41.08       	-2.91881
41.12       	-2.97349
41.16       	-3.02841
41.2        	-3.08354
41.24       	-3.13883
41.28       	3.08894
41.32       	3.03327
41.36       	2.97739
41.4        	2.92135
41.44       	2.86519
41.48       	2.80895
41.52       	2.75269
41.56       	2.69644
41.6        	2.64025
41.64       	2.58417
41.68       	2.52824
41.72       	2.47251
41.76       	2.41701
41.8        	2.36179
41.84       	2.3069
41.88       	2.25238
41.92       	2.19826
41.96       	2.1446
42          	2.09143
42.04       	2.0388
42.08       	1.98674
42.12       	1.93529
42.16       	1.8845
42.2        	1.83441
42.24       	1.78504
42.28       	1.73645
42.32       	1.68866
42.36       	1.64172
42.4        	1.59565
42.44       	1.5505
42.48       	1.50629
42.52       	1.46307
42.56       	1.42086
42.6        	1.37969
42.64       	1.33961
42.68       	1.30062
42.72       	1.26278
42.76       	1.22609
42.8        	1.1906
42.84       	1.15633
42.88       	1.1233
42.92       	1.09154
42.96       	1.06107
43          	1.03191
43.04       	1.00409
43.08       	0.97763
43.12       	0.952542
43.16       	0.928848
43.2        	0.906566
43.24       	0.885712
43.28       	0.8663
43.32       	0.848346
43.36       	0.831863
43.4        	0.816862
43.44       	0.803354
43.48       	0.791349
43.52       	0.780855
43.56       	0.77188
43.6        	0.76443
43.64       	0.758511
43.68       	0.754126
43.72       	0.751278
43.76       	0.749969
43.8        	0.7502
43.84       	0.75197
43.88       	0.755277
43.92       	0.760118
43.96       	0.76649
44          	0.774387
44.04       	0.783803
44.08       	0.79473
44.12       	0.807161
44.16       	0.821085
44.2        	0.836492
44.24       	0.853371
44.28       	0.871707
44.32       	0.891487
44.36       	0.912697
44.4        	0.935319
44.44       	0.959338
44.48       	0.984734
44.52       	1.01149
44.56       	1.03958
44.6        	1.06899
44.64       	1.0997
44.68       	1.13167
44.72       	1.1649
44.76       	1.19935
44.8        	1.23499
44.84       	1.27181
44.88       	1.30976
44.92       	1.34884
44.96       	1.38899
45          	1.43021
45.04       	1.47244
45.08       	1.51567
45.12       	1.55986
45.16       	1.60498
45.2        	1.65099
45.24       	1.69786
45.28       	1.74555
45.32       	1.79404
45.36       	1.84327
45.4        	1.89322
45.44       	1.94385
45.48       	1.99512
45.52       	2.04699
45.56       	2.09943
45.6        	2.15239
45.64       	2.20583
45.68       	2.25972
45.72       	2.31402
45.76       	2.36868
45.8        	2.42366
45.84       	2.47892
45.88       	2.53443
45.92       	2.59014
45.96       	2.646
46          	2.70198
46.04       	2.75803
46.08       	2.81412
46.12       	2.8702
46.16       	2.92623
46.2        	2.98216
46.24       	3.03796
46.28       	3.09358
46.32       	-3.1342
46.36       	-3.07888
46.4        	-3.0237
46.44       	-2.96868
46.48       	-2.91389
46.52       	-2.85935
46.56       	-2.80513
46.6        	-2.75125
46.64       	-2.69776
46.68       	-2.64471
46.72       	-2.59214
46.76       	-2.54009
46.8        	-2.48859
46.84       	-2.43769
46.88       	-2.38744
46.92       	-2.33786
46.96       	-2.289
47          	-2.24089
47.04       	-2.19358
47.08       	-2.14709
47.12       	-2.10147
47.16       	-2.05675
47.2        	-2.01297
47.24       	-1.97015
47.28       	-1.92834
47.32       	-1.88755
47.36       	-1.84784
47.4        	-1.80921
47.44       	-1.77171
47.48       	-1.73537
47.52       	-1.7002
47.56       	-1.66624
47.6        	-1.63351
47.64       	-1.60204
47.68       	-1.57185
47.72       	-1.54296
47.76       	-1.5154
47.8        	-1.48918
47.84       	-1.46433
47.88       	-1.44086
47.92       	-1.41879
47.96       	-1.39815
48          	-1.37893
48.04       	-1.36116
48.08       	-1.34485
48.12       	-1.33001
48.16       	-1.31666
48.2        	-1.3048
48.24       	-1.29444
48.28       	-1.28559
48.32       	-1.27826
48.36       	-1.27244
48.4        	-1.26815
48.44       	-1.26539
48.48       	-1.26415
48.52       	-1.26445
48.56       	-1.26627
48.6        	-1.26962
48.64       	-1.2745
48.68       	-1.28089
48.72       	-1.28881
48.76       	-1.29823
48.8        	-1.30915
48.84       	-1.32156
48.88       	-1.33546
48.92       	-1.35083
48.96       	-1.36766
49          	-1.38594
49.04       	-1.40565
49.08       	-1.42679
49.12       	-1.44932
49.16       	-1.47324
49.2        	-1.49853
49.24       	-1.52516
49.28       	-1.55312
49.32       	-1.58239
49.36       	-1.61294
49.4        	-1.64476
49.44       	-1.67781
49.48       	-1.71207
49.52       	-1.74752
49.56       	-1.78413
49.6        	-1.82187
49.64       	-1.86072
49.68       	-1.90064
49.72       	-1.9416
49.76       	-1.98357
49.8        	-2.02653
49.84       	-2.07044
49.88       	-2.11526
49.92       	-2.16097
49.96       	-2.20752
50          	-2.25488
50.04       	-2.30303
50.08       	-2.35191
50.12       	-2.4015
50.16       	-2.45176
50.2        	-2.50264
50.24       	-2.55412
50.28       	-2.60615
50.32       	-2.65869
50.36       	-2.71171
50.4        	-2.76516
50.44       	-2.819
50.48       	-2.8732
50.52       	-2.92771
50.56       	-2.98249
50.6        	-3.0375
50.64       	-3.0927
50.68       	3.13514
50.72       	3.07951
50.76       	3.02365
50.8        	2.96759
50.84       	2.9114
50.88       	2.8551
50.92       	2.79874
50.96       	2.74238
51          	2.68605
51.04       	2.62981
51.08       	2.57368
51.12       	2.51773
51.16       	2.46198
51.2        	2.4065
51.24       	2.35131
51.28       	2.29647
51.32       	2.24201
51.36       	2.18798
51.4        	2.13441
51.44       	2.08136
51.48       	2.02886
51.52       	1.97695
51.56       	1.92568
51.6        	1.87507
51.64       	1.82517
51.68       	1.77602
51.72       	1.72766
51.76       	1.68012
51.8        	1.63343
51.84       	1.58764
51.88       	1.54278
51.92       	1.49888
51.96       	1.45597
52          	1.41409
52.04       	1.37327
52.08       	1.33354
52.12       	1.29493
52.16       	1.25746
52.2        	1.22117
52.24       	1.18608
52.28       	1.15222
52.32       	1.11962
52.36       	1.08829
52.4        	1.05826
52.44       	1.02956
52.48       	1.0022
52.52       	0.976207
52.56       	0.951597
52.6        	0.928388
52.64       	0.906599
52.68       	0.886244
52.72       	0.867339
52.76       	0.849897
52.8        	0.83393
52.84       	0.819451
52.88       	0.80647
52.92       	0.794996
52.96       	0.785036
53          	0.776599
53.04       	0.76969
53.08       	0.764313
53.12       	0.760473
53.16       	0.758171
53.2        	0.757409
53.24       	0.758188
53.28       	0.760505
53.32       	0.764359
53.36       	0.769747
53.4        	0.776663
53.44       	0.785104
53.48       	0.795061
53.52       	0.806528
53.56       	0.819494
53.6        	0.833951
53.64       	0.849886
53.68       	0.867288
53.72       	0.886144
53.76       	0.906438
53.8        	0.928157
53.84       	0.951282
53.88       	0.975796
53.92       	1.00168
53.96       	1.02892
54          	1.05749
54.04       	1.08736
54.08       	1.11853
54.12       	1.15095
54.16       	1.18462
54.2        	1.2195
54.24       	1.25557
54.28       	1.29279
54.32       	1.33115
54.36       	1.37062
54.4        	1.41115
54.44       	1.45273
54.48       	1.49533
54.52       	1.5389
54.56       	1.58342
54.6        	1.62886
54.64       	1.67518
54.68       	1.72234
54.72       	1.77032
54.76       	1.81907
54.8        	1.86856
54.84       	1.91875
54.88       	1.96961
54.92       	2.02109
54.96       	2.07316
55          	2.12577
55.04       	2.1789
55.08       	2.2325
55.12       	2.28653
55.16       	2.34095
55.2        	2.39571
55.24       	2.45079
55.28       	2.50613
55.32       	2.5617
55.36       	2.61745
55.4        	2.67334
55.44       	2.72934
55.48       	2.78539
55.52       	2.84146
55.56       	2.8975
55.6        	2.95348
55.64       	3.00935
55.68       	3.06507
55.72       	3.12059
55.76       	-3.1073
55.8        	-3.05211
55.84       	-2.99707
55.88       	-2.94221
55.92       	-2.88759
55.96       	-2.83325
56          	-2.77922
56.04       	-2.72557
56.08       	-2.67232
56.12       	-2.61951
56.16       	-2.5672
56.2        	-2.51543
56.24       	-2.46422
56.28       	-2.41363
56.32       	-2.3637
56.36       	-2.31445
56.4        	-2.26594
56.44       	-2.21819
56.48       	-2.17125
56.52       	-2.12515
56.56       	-2.07993
56.6        	-2.03563
56.64       	-1.99226
56.68       	-1.94988
56.72       	-1.90851
56.76       	-1.86819
56.8        	-1.82894
56.84       	-1.79079
56.88       	-1.75378
56.92       	-1.71793
56.96       	-1.68327
57          	-1.64982
57.04       	-1.61762
57.08       	-1.58668
57.12       	-1.55703
57.16       	-1.52869
57.2        	-1.50168
57.24       	-1.47603
57.28       	-1.45175
57.32       	-1.42885
57.36       	-1.40737
57.4        	-1.3873
57.44       	-1.36868
57.48       	-1.3515
57.52       	-1.33579
57.56       	-1.32156
57.6        	-1.30881
57.64       	-1.29756
57.68       	-1.28781
57.72       	-1.27957
57.76       	-1.27285
57.8        	-1.26765
57.84       	-1.26398
57.88       	-1.26183
57.92       	-1.26121
57.96       	-1.26212
58          	-1.26456
58.04       	-1.26853
58.08       	-1.27401
58.12       	-1.28102
58.16       	-1.28953
58.2        	-1.29956
58.24       	-1.31108
58.28       	-1.32409
58.32       	-1.33858
58.36       	-1.35453
58.4        	-1.37194
58.44       	-1.3908
58.48       	-1.41108
58.52       	-1.43277
58.56       	-1.45586
58.6        	-1.48033
58.64       	-1.50616
58.68       	-1.53332
58.72       	-1.56181
58.76       	-1.59159
58.8        	-1.62265
58.84       	-1.65496
58.88       	-1.6885
58.92       	-1.72324
58.96       	-1.75916
59          	-1.79622
59.04       	-1.83441
59.08       	-1.87368
59.12       	-1.91402
59.16       	-1.9554
59.2        	-1.99777
59.24       	-2.04111
59.28       	-2.08539
59.32       	-2.13057
59.36       	-2.17662
59.4        	-2.2235
59.44       	-2.27119
59.48       	-2.31963
59.52       	-2.36881
59.56       	-2.41867
59.6        	-2.46919
59.64       	-2.52032
59.68       	-2.57203
59.72       	-2.62427
59.76       	-2.67701
59.8        	-2.73021
59.84       	-2.78383
59.88       	-2.83783
59.92       	-2.89216
59.96       	-2.9468
