0           	0.2
0.04        	0.199994
0.08        	0.199983
0.12        	0.199967
0.16        	0.199945
0.2         	0.199918
0.24        	0.199887
0.28        	0.19985
0.32        	0.199808
0.36        	0.199762
0.4         	0.199711
0.44        	0.199655
0.48        	0.199595
0.52        	0.19953
0.56        	0.199462
0.6         	0.199389
0.64        	0.199312
0.68        	0.199231
0.72        	0.199146
0.76        	0.199057
0.8         	0.198964
0.84        	0.198868
0.88        	0.198768
0.92        	0.198664
0.96        	0.198557
1           	0.198447
1.04        	0.198333
1.08        	0.198216
1.12        	0.198096
1.16        	0.197973
1.2         	0.197846
1.24        	0.197717
1.28        	0.197585
1.32        	0.197449
1.36        	0.197311
1.4         	0.197171
1.44        	0.197027
1.48        	0.196881
1.52        	0.196732
1.56        	0.196581
1.6         	0.196428
1.64        	0.196272
1.68        	0.196113
1.72        	0.195952
1.76        	0.195789
1.8         	0.195624
1.84        	0.195457
1.88        	0.195287
1.92        	0.195116
1.96        	0.194942
2           	0.194767
2.04        	0.194589
2.08        	0.19441
2.12        	0.194229
2.16        	0.194046
2.2         	0.193861
2.24        	0.193675
2.28        	0.193487
2.32        	0.193297
2.36        	0.193106
2.4         	0.192913
2.44        	0.192718
2.48        	0.192522
2.52        	0.192325
2.56        	0.192126
2.6         	0.191926
2.64        	0.191724
2.68        	0.191521
2.72        	0.191317
2.76        	0.191112
2.8         	0.190905
2.84        	0.190697
2.88        	0.190488
2.92        	0.190278
2.96        	0.190066
3           	0.189854
3.04        	0.189641
3.08        	0.189426
3.12        	0.189211
3.16        	0.188994
3.2         	0.188777
3.24        	0.188559
3.28        	0.188339
3.32        	0.188119
3.36        	0.187898
3.4         	0.187677
3.44        	0.187454
3.48        	0.187231
3.52        	0.187007
3.56        	0.186782
3.6         	0.186556
3.64        	0.18633
3.68        	0.186103
3.72        	0.185875
3.76        	0.185647
3.8         	0.185418
3.84        	0.185189
3.88        	0.184959
3.92        	0.184728
3.96        	0.184497
4           	0.184265
4.04        	0.184033
4.08        	0.1838
4.12        	0.183567
4.16        	0.183334
4.2         	0.1831
4.24        	0.182865
4.28        	0.18263
4.32        	0.182395
4.36        	0.182159
4.4         	0.181923
4.44        	0.181687
4.48        	0.18145
4.52        	0.181213
4.56        	0.180975
4.6         	0.180737
4.64        	0.180499
4.68        	0.180261
4.72        	0.180023
4.76        	0.179784
4.8         	0.179545
4.84        	0.179305
4.88        	0.179066
4.92        	0.178826
4.96        	0.178586
5           	0.178346
5.04        	0.178106
5.08        	0.177865
5.12        	0.177625
5.16        	0.177384
5.2         	0.177143
5.24        	0.176902
5.28        	0.176661
5.32        	0.176419
5.36        	0.176178
5.4         	0.175936
5.44        	0.175695
5.48        	0.175453
5.52        	0.175212
5.56        	0.17497
5.6         	0.174728
5.64        	0.174486
5.68        	0.174244
5.72        	0.174002
5.76        	0.17376
5.8         	0.173518
5.84        	0.173277
5.88        	0.173035
5.92        	0.172793
5.96        	0.172551
6           	0.172309
6.04        	0.172067
6.08        	0.171825
6.12        	0.171583
6.16        	0.171341
6.2         	0.1711
6.24        	0.170858
6.28        	0.170616
6.32        	0.170375
6.36        	0.170133
6.4         	0.169892
6.44        	0.169651
6.48        	0.16941
6.52        	0.169168
6.56        	0.168927
6.6         	0.168687
6.64        	0.168446
6.68        	0.168205
6.72        	0.167964
6.76        	0.167724
6.8         	0.167484
6.84        	0.167243
6.88        	0.167003
6.92        	0.166763
6.96        	0.166524
7           	0.166284
7.04        	0.166045
7.08        	0.165805
7.12        	0.165566
7.16        	0.165327
7.2         	0.165088
7.24        	0.164849
7.28        	0.164611
7.32        	0.164373
7.36        	0.164134
7.4         	0.163896
7.44        	0.163659
7.48        	0.163421
7.52        	0.163184
7.56        	0.162946
7.6         	0.162709
7.64        	0.162472
7.68        	0.162236
7.72        	0.161999
7.76        	0.161763
7.8         	0.161527
7.84        	0.161291
7.88        	0.161056
7.92        	0.16082
7.96        	0.160585
8           	0.16035
8.04        	0.160115
8.08        	0.159881
8.12        	0.159646
8.16        	0.159412
8.2         	0.159179
8.24        	0.158945
8.28        	0.158712
8.32        	0.158478
8.36        	0.158246
8.4         	0.158013
8.44        	0.15778
8.48        	0.157548
8.52        	0.157316
8.56        	0.157085
8.6         	0.156853
8.64        	0.156622
8.68        	0.156391
8.72        	0.15616
8.76        	0.15593
8.8         	0.1557
8.84        	0.15547
8.88        	0.15524
8.92        	0.155011
8.96        	0.154782
9           	0.154553
9.04        	0.154324
9.08        	0.154096
9.12        	0.153868
9.16        	0.15364
9.2         	0.153412
9.24        	0.153185
9.28        	0.152958
9.32        	0.152731
9.36        	0.152505
9.4         	0.152278
9.44        	0.152052
9.48        	0.151827
9.52        	0.151601
9.56        	0.151376
9.6         	0.151151
9.64        	0.150927
9.68        	0.150703
9.72        	0.150478
9.76        	0.150255
9.8         	0.150031
9.84        	0.149808
9.88        	0.149585
9.92        	0.149363
9.96        	0.14914
10          	0.148918
10.04       	0.148696
10.08       	0.148475
10.12       	0.148254
10.16       	0.148033
10.2        	0.147812
10.24       	0.147592
10.28       	0.147372
10.32       	0.147152
10.36       	0.146932
10.4        	0.146713
10.44       	0.146494
10.48       	0.146276
10.52       	0.146057
10.56       	0.145839
10.6        	0.145621
10.64       	0.145404
10.68       	0.145187
10.72       	0.14497
10.76       	0.144753
10.8        	0.144537
10.84       	0.144321
10.88       	0.144105
10.92       	0.14389
10.96       	0.143674
11          	0.14346
11.04       	0.143245
11.08       	0.143031
11.12       	0.142817
11.16       	0.142603
11.2        	0.14239
11.24       	0.142177
11.28       	0.141964
11.32       	0.141751
11.36       	0.141539
11.4        	0.141327
11.44       	0.141115
11.48       	0.140904
11.52       	0.140693
11.56       	0.140482
11.6        	0.140272
11.64       	0.140061
11.68       	0.139851
11.72       	0.139642
11.76       	0.139433
11.8        	0.139224
11.84       	0.139015
11.88       	0.138806
11.92       	0.138598
11.96       	0.13839
12          	0.138183
12.04       	0.137975
12.08       	0.137769
12.12       	0.137562
12.16       	0.137355
12.2        	0.137149
12.24       	0.136944
12.28       	0.136738
12.32       	0.136533
12.36       	0.136328
12.4        	0.136123
12.44       	0.135919
12.48       	0.135715
12.52       	0.135511
12.56       	0.135308
12.6        	0.135104
12.64       	0.134901
12.68       	0.134699
12.72       	0.134497
12.76       	0.134295
12.8        	0.134093
12.84       	0.133891
12.88       	0.13369
12.92       	0.133489
12.96       	0.133289
13          	0.133088
13.04       	0.132888
13.08       	0.132689
13.12       	0.132489
13.16       	0.13229
13.2        	0.132091
13.24       	0.131893
13.28       	0.131695
13.32       	0.131497
13.36       	0.131299
13.4        	0.131101
13.44       	0.130904
13.48       	0.130708
13.52       	0.130511
13.56       	0.130315
13.6        	0.130119
13.64       	0.129923
13.68       	0.129728
13.72       	0.129533
13.76       	0.129338
13.8        	0.129143
13.84       	0.128949
13.88       	0.128755
13.92       	0.128561
13.96       	0.128368
14          	0.128175
14.04       	0.127982
14.08       	0.127789
14.12       	0.127597
14.16       	0.127405
14.2        	0.127213
14.24       	0.127022
14.28       	0.126831
14.32       	0.12664
14.36       	0.126449
14.4        	0.126259
14.44       	0.126069
14.48       	0.125879
14.52       	0.12569
14.56       	0.125501
14.6        	0.125312
14.64       	0.125123
14.68       	0.124935
14.72       	0.124747
14.76       	0.124559
14.8        	0.124371
14.84       	0.124184
14.88       	0.123997
14.92       	0.123811
14.96       	0.123624
15          	0.123438
15.04       	0.123252
15.08       	0.123067
15.12       	0.122881
15.16       	0.122696
15.2        	0.122511
15.24       	0.122327
15.28       	0.122143
15.32       	0.121959
15.36       	0.121775
15.4        	0.121592
15.44       	0.121409
15.48       	0.121226
15.52       	0.121043
15.56       	0.120861
15.6        	0.120679
15.64       	0.120497
15.68       	0.120316
15.72       	0.120134
15.76       	0.119953
15.8        	0.119773
15.84       	0.119592
15.88       	0.119412
15.92       	0.119232
15.96       	0.119053
16          	0.118873
16.04       	0.118694
16.08       	0.118515
16.12       	0.118337
16.16       	0.118159
16.2        	0.117981
16.24       	0.117803
16.28       	0.117625
16.32       	0.117448
16.36       	0.117271
16.4        	0.117095
16.44       	0.116918
16.48       	0.116742
16.52       	0.116566
16.56       	0.11639
16.6        	0.116215
16.64       	0.11604
16.68       	0.115865
16.72       	0.115691
16.76       	0.115516
16.8        	0.115342
16.84       	0.115168
16.88       	0.114995
16.92       	0.114822
16.96       	0.114649
17          	0.114476
17.04       	0.114303
17.08       	0.114131
17.12       	0.113959
17.16       	0.113787
17.2        	0.113616
17.24       	0.113445
17.28       	0.113274
17.32       	0.113103
17.36       	0.112933
17.4        	0.112762
17.44       	0.112592
17.48       	0.112423
17.52       	0.112253
17.56       	0.112084
17.6        	0.111915
17.64       	0.111746
17.68       	0.111578
17.72       	0.11141
17.76       	0.111242
17.8        	0.111074
17.84       	0.110907
17.88       	0.11074
17.92       	0.110573
17.96       	0.110406
18          	0.11024
18.04       	0.110074
18.08       	0.109908
18.12       	0.109742
18.16       	0.109577
18.2        	0.109411
18.24       	0.109247
18.28       	0.109082
18.32       	0.108917
18.36       	0.108753
18.4        	0.108589
18.44       	0.108426
18.48       	0.108262
18.52       	0.108099
18.56       	0.107936
18.6        	0.107773
18.64       	0.107611
18.68       	0.107449
18.72       	0.107287
18.76       	0.107125
18.8        	0.106964
18.84       	0.106802
18.88       	0.106641
18.92       	0.106481
18.96       	0.10632
19          	0.10616
19.04       	0.106
19.08       	0.10584
19.12       	0.10568
19.16       	0.105521
19.2        	0.105362
19.24       	0.105203
19.28       	0.105045
19.32       	0.104886
19.36       	0.104728
19.4        	0.10457
19.44       	0.104413
19.48       	0.104255
19.52       	0.104098
19.56       	0.103941
19.6        	0.103784
19.64       	0.103628
19.68       	0.103472
19.72       	0.103316
19.76       	0.10316
19.8        	0.103005
19.84       	0.102849
19.88       	0.102694
19.92       	0.102539
19.96       	0.102385
20          	0.10223
20.04       	0.102076
20.08       	0.101922
20.12       	0.101769
20.16       	0.101615
20.2        	0.101462
20.24       	0.101309
20.28       	0.101156
20.32       	0.101004
20.36       	0.100852
20.4        	0.1007
20.44       	0.100548
20.48       	0.100396
20.52       	0.100245
20.56       	0.100094
20.6        	0.0999428
20.64       	0.0997921
20.68       	0.0996417
20.72       	0.0994915
20.76       	0.0993415
20.8        	0.0991917
20.84       	0.0990421
20.88       	0.0988928
20.92       	0.0987437
20.96       	0.0985949
21          	0.0984462
21.04       	0.0982978
21.08       	0.0981496
21.12       	0.0980016
21.16       	0.0978538
21.2        	0.0977063
21.24       	0.097559
21.28       	0.0974119
21.32       	0.097265
21.36       	0.0971184
21.4        	0.096972
21.44       	0.0968258
21.48       	0.0966798
21.52       	0.096534
21.56       	0.0963885
21.6        	0.0962432
21.64       	0.096098
21.68       	0.0959532
21.72       	0.0958085
21.76       	0.095664
21.8        	0.0955198
21.84       	0.0953758
21.88       	0.095232
21.92       	0.0950884
21.96       	0.094945
22          	0.0948019
22.04       	0.0946589
22.08       	0.0945162
22.12       	0.0943737
22.16       	0.0942314
22.2        	0.0940894
22.24       	0.0939475
22.28       	0.0938058
22.32       	0.0936644
22.36       	0.0935232
22.4        	0.0933822
22.44       	0.0932414
22.48       	0.0931008
22.52       	0.0929604
22.56       	0.0928203
22.6        	0.0926803
22.64       	0.0925406
22.68       	0.092401
22.72       	0.0922617
22.76       	0.0921226
22.8        	0.0919837
22.84       	0.091845
22.88       	0.0917066
22.92       	0.0915683
22.96       	0.0914302
23          	0.0912924
23.04       	0.0911547
23.08       	0.0910173
23.12       	0.09088
23.16       	0.090743
23.2        	0.0906062
23.24       	0.0904696
23.28       	0.0903332
23.32       	0.090197
23.36       	0.090061
23.4        	0.0899252
23.44       	0.0897896
23.48       	0.0896542
23.52       	0.089519
23.56       	0.0893841
23.6        	0.0892493
23.64       	0.0891147
23.68       	0.0889804
23.72       	0.0888462
23.76       	0.0887122
23.8        	0.0885785
23.84       	0.0884449
23.88       	0.0883116
23.92       	0.0881784
23.96       	0.0880454
24          	0.0879127
24.04       	0.0877801
24.08       	0.0876478
24.12       	0.0875156
24.16       	0.0873837
24.2        	0.0872519
24.24       	0.0871204
24.28       	0.086989
24.32       	0.0868578
24.36       	0.0867269
24.4        	0.0865961
24.44       	0.0864655
24.48       	0.0863352
24.52       	0.086205
24.56       	0.086075
24.6        	0.0859452
24.64       	0.0858156
24.68       	0.0856862
24.72       	0.085557
24.76       	0.085428
24.8        	0.0852992
24.84       	0.0851706
24.88       	0.0850422
24.92       	0.084914
24.96       	0.0847859
25          	0.0846581
25.04       	0.0845305
25.08       	0.084403
25.12       	0.0842757
25.16       	0.0841487
25.2        	0.0840218
25.24       	0.0838951
25.28       	0.0837686
25.32       	0.0836423
25.36       	0.0835162
25.4        	0.0833902
25.44       	0.0832645
25.48       	0.083139
25.52       	0.0830136
25.56       	0.0828884
25.6        	0.0827635
25.64       	0.0826387
25.68       	0.0825141
25.72       	0.0823896
25.76       	0.0822654
25.8        	0.0821414
25.84       	0.0820175
25.88       	0.0818939
25.92       	0.0817704
25.96       	0.0816471
26          	0.081524
26.04       	0.081401
26.08       	0.0812783
26.12       	0.0811558
26.16       	0.0810334
26.2        	0.0809112
26.24       	0.0807892
26.28       	0.0806674
26.32       	0.0805458
26.36       	0.0804243
26.4        	0.080303
26.44       	0.080182
26.48       	0.0800611
26.52       	0.0799403
26.56       	0.0798198
26.6        	0.0796995
26.64       	0.0795793
26.68       	0.0794593
26.72       	0.0793395
26.76       	0.0792198
26.8        	0.0791004
26.84       	0.0789811
26.88       	0.078862
26.92       	0.0787431
26.96       	0.0786244
27          	0.0785058
27.04       	0.0783875
27.08       	0.0782693
27.12       	0.0781513
27.16       	0.0780334
27.2        	0.0779158
27.24       	0.0777983
27.28       	0.077681
27.32       	0.0775638
27.36       	0.0774469
27.4        	0.0773301
27.44       	0.0772135
27.48       	0.0770971
27.52       	0.0769808
27.56       	0.0768648
27.6        	0.0767489
27.64       	0.0766331
27.68       	0.0765176
27.72       	0.0764022
27.76       	0.076287
27.8        	0.076172
27.84       	0.0760571
27.88       	0.0759425
27.92       	0.0758279
27.96       	0.0757136
28          	0.0755995
28.04       	0.0754855
28.08       	0.0753716
28.12       	0.075258
28.16       	0.0751445
28.2        	0.0750312
28.24       	0.0749181
28.28       	0.0748051
28.32       	0.0746923
28.36       	0.0745797
28.4        	0.0744672
28.44       	0.074355
28.48       	0.0742428
28.52       	0.0741309
28.56       	0.0740191
28.6        	0.0739075
28.64       	0.0737961
28.68       	0.0736848
28.72       	0.0735737
28.76       	0.0734628
28.8        	0.073352
28.84       	0.0732414
28.88       	0.073131
28.92       	0.0730207
28.96       	0.0729106
29          	0.0728006
29.04       	0.0726909
29.08       	0.0725813
29.12       	0.0724718
29.16       	0.0723626
29.2        	0.0722534
29.24       	0.0721445
29.28       	0.0720357
29.32       	0.0719271
29.36       	0.0718186
29.4        	0.0717104
29.44       	0.0716022
29.48       	0.0714943
29.52       	0.0713865
29.56       	0.0712788
29.6        	0.0711713
29.64       	0.071064
29.68       	0.0709569
29.72       	0.0708499
29.76       	0.0707431
29.8        	0.0706364
29.84       	0.0705299
29.88       	0.0704235
29.92       	0.0703173
29.96       	0.0702113
30          	0.0701055
30.04       	0.0699997
30.08       	0.0698942
30.12       	0.0697888
30.16       	0.0696836
30.2        	0.0695785
30.24       	0.0694736
30.28       	0.0693688
30.32       	0.0692642
30.36       	0.0691598
30.4        	0.0690555
30.44       	0.0689514
30.48       	0.0688474
30.52       	0.0687436
30.56       	0.06864
30.6        	0.0685365
30.64       	0.0684331
30.68       	0.0683299
30.72       	0.0682269
30.76       	0.068124
30.8        	0.0680213
30.84       	0.0679188
30.88       	0.0678163
30.92       	0.0677141
30.96       	0.067612
31          	0.06751
31.04       	0.0674082
31.08       	0.0673066
31.12       	0.0672051
31.16       	0.0671038
31.2        	0.0670026
31.24       	0.0669016
31.28       	0.0668007
31.32       	0.0667
31.36       	0.0665994
31.4        	0.066499
31.44       	0.0663987
31.48       	0.0662986
31.52       	0.0661986
31.56       	0.0660988
31.6        	0.0659991
31.64       	0.0658996
31.68       	0.0658003
31.72       	0.065701
31.76       	0.065602
31.8        	0.0655031
31.84       	0.0654043
31.88       	0.0653057
31.92       	0.0652072
31.96       	0.0651089
32          	0.0650107
32.04       	0.0649127
32.08       	0.0648148
32.12       	0.0647171
32.16       	0.0646195
32.2        	0.0645221
32.24       	0.0644248
32.28       	0.0643276
32.32       	0.0642306
32.36       	0.0641338
32.4        	0.0640371
32.44       	0.0639405
32.48       	0.0638441
32.52       	0.0637478
32.56       	0.0636517
32.6        	0.0635557
32.64       	0.0634599
32.68       	0.0633642
32.72       	0.0632687
32.76       	0.0631733
32.8        	0.063078
32.84       	0.0629829
32.88       	0.062888
32.92       	0.0627931
32.96       	0.0626984
33          	0.0626039
33.04       	0.0625095
33.08       	0.0624153
33.12       	0.0623211
33.16       	0.0622272
33.2        	0.0621333
33.24       	0.0620397
33.28       	0.0619461
33.32       	0.0618527
33.36       	0.0617594
33.4        	0.0616663
33.44       	0.0615733
33.48       	0.0614805
33.52       	0.0613878
33.56       	0.0612952
33.6        	0.0612028
33.64       	0.0611105
33.68       	0.0610184
33.72       	0.0609264
33.76       	0.0608345
33.8        	0.0607428
33.84       	0.0606512
33.88       	0.0605597
33.92       	0.0604684
33.96       	0.0603772
34          	0.0602862
34.04       	0.0601953
34.08       	0.0601045
34.12       	0.0600139
34.16       	0.0599234
34.2        	0.0598331
34.24       	0.0597428
34.28       	0.0596528
34.32       	0.0595628
34.36       	0.059473
34.4        	0.0593833
34.44       	0.0592938
34.48       	0.0592044
34.52       	0.0591151
34.56       	0.059026
34.6        	0.058937
34.64       	0.0588481
34.68       	0.0587594
34.72       	0.0586708
34.76       	0.0585823
34.8        	0.058494
34.84       	0.0584058
34.88       	0.0583177
34.92       	0.0582298
34.96       	0.058142
35          	0.0580543
35.04       	0.0579668
35.08       	0.0578794
35.12       	0.0577921
35.16       	0.057705
35.2        	0.0576179
35.24       	0.0575311
35.28       	0.0574443
35.32       	0.0573577
35.36       	0.0572712
35.4        	0.0571849
35.44       	0.0570986
35.48       	0.0570125
35.52       	0.0569266
35.56       	0.0568407
35.6        	0.056755
35.64       	0.0566695
35.68       	0.056584
35.72       	0.0564987
35.76       	0.0564135
35.8        	0.0563284
35.84       	0.0562435
35.88       	0.0561587
35.92       	0.056074
35.96       	0.0559895
36          	0.055905
36.04       	0.0558208
36.08       	0.0557366
36.12       	0.0556525
36.16       	0.0555686
36.2        	0.0554848
36.24       	0.0554012
36.28       	0.0553176
36.32       	0.0552342
36.36       	0.0551509
36.4        	0.0550678
36.44       	0.0549848
36.48       	0.0549018
36.52       	0.0548191
36.56       	0.0547364
36.6        	0.0546539
36.64       	0.0545715
36.68       	0.0544892
36.72       	0.054407
36.76       	0.054325
36.8        	0.0542431
36.84       	0.0541613
36.88       	0.0540796
36.92       	0.0539981
36.96       	0.0539166
37          	0.0538353
37.04       	0.0537542
37.08       	0.0536731
37.12       	0.0535922
37.16       	0.0535114
37.2        	0.0534307
37.24       	0.0533501
37.28       	0.0532697
37.32       	0.0531894
37.36       	0.0531092
37.4        	0.0530291
37.44       	0.0529491
37.48       	0.0528693
37.52       	0.0527896
37.56       	0.05271
37.6        	0.0526305
37.64       	0.0525511
37.68       	0.0524719
37.72       	0.0523928
37.76       	0.0523138
37.8        	0.0522349
37.84       	0.0521561
37.88       	0.0520775
37.92       	0.051999
37.96       	0.0519206
38          	0.0518423
38.04       	0.0517641
38.08       	0.0516861
38.12       	0.0516081
38.16       	0.0515303
38.2        	0.0514526
38.24       	0.051375
38.28       	0.0512976
38.32       	0.0512202
38.36       	0.051143
38.4        	0.0510659
38.44       	0.0509889
38.48       	0.050912
38.52       	0.0508352
38.56       	0.0507586
38.6        	0.050682
38.64       	0.0506056
38.68       	0.0505293
38.72       	0.0504531
38.76       	0.050377
38.8        	0.0503011
38.84       	0.0502252
38.88       	0.0501495
38.92       	0.0500739
38.96       	0.0499984
39          	0.049923
39.04       	0.0498477
39.08       	0.0497726
39.12       	0.0496975
39.16       	0.0496226
39.2        	0.0495477
39.24       	0.049473
39.28       	0.0493984
39.32       	0.049324
39.36       	0.0492496
39.4        	0.0491753
39.44       	0.0491012
39.48       	0.0490271
39.52       	0.0489532
39.56       	0.0488794
39.6        	0.0488057
39.64       	0.0487321
39.68       	0.0486586
39.72       	0.0485853
39.76       	0.048512
39.8        	0.0484388
39.84       	0.0483658
39.88       	0.0482929
39.92       	0.0482201
39.96       	0.0481474
40          	0.0480748
40.04       	0.0480023
40.08       	0.0479299
40.12       	0.0478576
40.16       	0.0477855
40.2        	0.0477134
40.24       	0.0476415
40.28       	0.0475696
40.32       	0.0474979
40.36       	0.0474263
40.4        	0.0473548
40.44       	0.0472834
40.48       	0.0472121
40.52       	0.0471409
40.56       	0.0470698
40.6        	0.0469988
40.64       	0.046928
40.68       	0.0468572
40.72       	0.0467865
40.76       	0.046716
40.8        	0.0466456
40.84       	0.0465752
40.88       	0.046505
40.92       	0.0464349
40.96       	0.0463649
41          	0.0462949
41.04       	0.0462251
41.08       	0.0461554
41.12       	0.0460858
41.16       	0.0460164
41.2        	0.045947
41.24       	0.0458777
41.28       	0.0458085
41.32       	0.0457394
41.36       	0.0456705
41.4        	0.0456016
41.44       	0.0455329
41.48       	0.0454642
41.52       	0.0453956
41.56       	0.0453272
41.6        	0.0452589
41.64       	0.0451906
41.68       	0.0451225
41.72       	0.0450544
41.76       	0.0449865
41.8        	0.0449187
41.84       	0.0448509
41.88       	0.0447833
41.92       	0.0447158
41.96       	0.0446484
42          	0.044581
42.04       	0.0445138
42.08       	0.0444467
42.12       	0.0443797
42.16       	0.0443128
42.2        	0.0442459
42.24       	0.0441792
42.28       	0.0441126
42.32       	0.0440461
42.36       	0.0439797
42.4        	0.0439134
42.44       	0.0438472
42.48       	0.043781
42.52       	0.043715
42.56       	0.0436491
42.6        	0.0435833
42.64       	0.0435176
42.68       	0.043452
42.72       	0.0433864
42.76       	0.043321
42.8        	0.0432557
42.84       	0.0431905
42.88       	0.0431254
42.92       	0.0430603
42.96       	0.0429954
43          	0.0429306
43.04       	0.0428658
43.08       	0.0428012
43.12       	0.0427367
43.16       	0.0426722
43.2        	0.0426079
43.24       	0.0425436
43.28       	0.0424795
43.32       	0.0424154
43.36       	0.0423515
43.4        	0.0422876
43.44       	0.0422239
43.48       	0.0421602
43.52       	0.0420966
43.56       	0.0420331
43.6        	0.0419698
43.64       	0.0419065
43.68       	0.0418433
43.72       	0.0417802
43.76       	0.0417172
43.8        	0.0416543
43.84       	0.0415915
43.88       	0.0415288
43.92       	0.0414662
43.96       	0.0414036
44          	0.0413412
44.04       	0.0412789
44.08       	0.0412166
44.12       	0.0411545
44.16       	0.0410924
44.2        	0.0410305
44.24       	0.0409686
44.28       	0.0409068
44.32       	0.0408451
44.36       	0.0407836
44.4        	0.0407221
44.44       	0.0406607
44.48       	0.0405994
44.52       	0.0405381
44.56       	0.040477
44.6        	0.040416
44.64       	0.040355
44.68       	0.0402942
44.72       	0.0402334
44.76       	0.0401728
44.8        	0.0401122
44.84       	0.0400517
44.88       	0.0399913
44.92       	0.039931
44.96       	0.0398708
45          	0.0398107
45.04       	0.0397507
45.08       	0.0396907
45.12       	0.0396309
45.16       	0.0395711
45.2        	0.0395115
45.24       	0.0394519
45.28       	0.0393924
45.32       	0.039333
45.36       	0.0392737
45.4        	0.0392145
45.44       	0.0391553
45.48       	0.0390963
45.52       	0.0390373
45.56       	0.0389785
45.6        	0.0389197
45.64       	0.038861
45.68       	0.0388024
45.72       	0.0387439
45.76       	0.0386855
45.8        	0.0386272
45.84       	0.0385689
45.88       	0.0385108
45.92       	0.0384527
45.96       	0.0383947
46          	0.0383368
46.04       	0.038279
46.08       	0.0382213
46.12       	0.0381637
46.16       	0.0381061
46.2        	0.0380487
46.24       	0.0379913
46.28       	0.037934
46.32       	0.0378768
46.36       	0.0378197
46.4        	0.0377627
46.44       	0.0377057
46.48       	0.0376489
46.52       	0.0375921
46.56       	0.0375354
46.6        	0.0374788
46.64       	0.0374223
46.68       	0.0373659
46.72       	0.0373096
46.76       	0.0372533
46.8        	0.0371971
46.84       	0.037141
46.88       	0.037085
46.92       	0.0370291
46.96       	0.0369733
47          	0.0369175
47.04       	0.0368619
47.08       	0.0368063
47.12       	0.0367508
47.16       	0.0366954
47.2        	0.03664
47.24       	0.0365848
47.28       	0.0365296
47.32       	0.0364746
47.36       	0.0364196
47.4        	0.0363646
47.44       	0.0363098
47.48       	0.0362551
47.52       	0.0362004
47.56       	0.0361458
47.6        	0.0360913
47.64       	0.0360369
47.68       	0.0359826
47.72       	0.0359283
47.76       	0.0358741
47.8        	0.03582
47.84       	0.035766
47.88       	0.0357121
47.92       	0.0356582
47.96       	0.0356045
48          	0.0355508
48.04       	0.0354972
48.08       	0.0354437
48.12       	0.0353902
48.16       	0.0353369
48.2        	0.0352836
48.24       	0.0352304
48.28       	0.0351772
48.32       	0.0351242
48.36       	0.0350712
48.4        	0.0350184
48.44       	0.0349656
48.48       	0.0349128
48.52       	0.0348602
48.56       	0.0348076
48.6        	0.0347551
48.64       	0.0347027
48.68       	0.0346504
48.72       	0.0345982
48.76       	0.034546
48.8        	0.0344939
48.84       	0.0344419
48.88       	0.03439
48.92       	0.0343381
48.96       	0.0342863
49          	0.0342346
49.04       	0.034183
49.08       	0.0341315
49.12       	0.03408
49.16       	0.0340286
49.2        	0.0339773
49.24       	0.0339261
49.28       	0.0338749
49.32       	0.0338239
49.36       	0.0337729
49.4        	0.0337219
49.44       	0.0336711
49.48       	0.0336203
49.52       	0.0335696
49.56       	0.033519
49.6        	0.0334685
49.64       	0.033418
49.68       	0.0333676
49.72       	0.0333173
49.76       	0.0332671
49.8        	0.0332169
49.84       	0.0331668
49.88       	0.0331168
49.92       	0.0330669
49.96       	0.033017
50          	0.0329672
50.04       	0.0329175
50.08       	0.0328679
50.12       	0.0328183
50.16       	0.0327688
50.2        	0.0327194
50.24       	0.0326701
50.28       	0.0326208
50.32       	0.0325716
50.36       	0.0325225
50.4        	0.0324735
50.44       	0.0324245
50.48       	0.0323756
50.52       	0.0323268
50.56       	0.0322781
50.6        	0.0322294
50.64       	0.0321808
50.68       	0.0321323
50.72       	0.0320838
50.76       	0.0320355
50.8        	0.0319871
50.84       	0.0319389
50.88       	0.0318908
50.92       	0.0318427
50.96       	0.0317947
51          	0.0317467
51.04       	0.0316988
51.08       	0.0316511
51.12       	0.0316033
51.16       	0.0315557
51.2        	0.0315081
51.24       	0.0314606
51.28       	0.0314131
51.32       	0.0313658
51.36       	0.0313185
51.4        	0.0312713
51.44       	0.0312241
51.48       	0.031177
51.52       	0.03113
51.56       	0.0310831
51.6        	0.0310362
51.64       	0.0309894
51.68       	0.0309427
51.72       	0.030896
51.76       	0.0308494
51.8        	0.0308029
51.84       	0.0307565
51.88       	0.0307101
51.92       	0.0306638
51.96       	0.0306176
52          	0.0305714
52.04       	0.0305253
52.08       	0.0304793
52.12       	0.0304333
52.16       	0.0303874
52.2        	0.0303416
52.24       	0.0302959
52.28       	0.0302502
52.32       	0.0302046
52.36       	0.030159
52.4        	0.0301135
52.44       	0.0300681
52.48       	0.0300228
52.52       	0.0299775
52.56       	0.0299323
52.6        	0.0298872
52.64       	0.0298421
52.68       	0.0297971
52.72       	0.0297522
52.76       	0.0297073
52.8        	0.0296626
52.84       	0.0296178
52.88       	0.0295732
52.92       	0.0295286
52.96       	0.0294841
53          	0.0294396
53.04       	0.0293952
53.08       	0.0293509
53.12       	0.0293066
53.16       	0.0292624
53.2        	0.0292183
53.24       	0.0291743
53.28       	0.0291303
53.32       	0.0290863
53.36       	0.0290425
53.4        	0.0289987
53.44       	0.028955
53.48       	0.0289113
53.52       	0.0288677
53.56       	0.0288242
53.6        	0.0287807
53.64       	0.0287373
53.68       	0.028694
53.72       	0.0286507
53.76       	0.0286075
53.8        	0.0285644
53.84       	0.0285213
53.88       	0.0284783
53.92       	0.0284354
53.96       	0.0283925
54          	0.0283497
54.04       	0.0283069
54.08       	0.0282643
54.12       	0.0282216
54.16       	0.0281791
54.2        	0.0281366
54.24       	0.0280942
54.28       	0.0280518
54.32       	0.0280095
54.36       	0.0279673
54.4        	0.0279251
54.44       	0.027883
54.48       	0.027841
54.52       	0.027799
54.56       	0.0277571
54.6        	0.0277152
54.64       	0.0276734
54.68       	0.0276317
54.72       	0.02759
54.76       	0.0275484
54.8        	0.0275069
54.84       	0.0274654
54.88       	0.027424
54.92       	0.0273827
54.96       	0.0273414
55          	0.0273001
55.04       	0.027259
55.08       	0.0272179
55.12       	0.0271768
55.16       	0.0271359
55.2        	0.0270949
55.24       	0.0270541
55.28       	0.0270133
55.32       	0.0269726
55.36       	0.0269319
55.4        	0.0268913
55.44       	0.0268507
55.48       	0.0268102
55.52       	0.0267698
55.56       	0.0267295
55.6        	0.0266892
55.64       	0.0266489
55.68       	0.0266087
55.72       	0.0265686
55.76       	0.0265285
55.8        	0.0264885
55.84       	0.0264486
55.88       	0.0264087
55.92       	0.0263689
55.96       	0.0263291
56          	0.0262894
56.04       	0.0262498
56.08       	0.0262102
56.12       	0.0261707
56.16       	0.0261312
56.2        	0.0260918
56.24       	0.0260525
56.28       	0.0260132
56.32       	0.025974
56.36       	0.0259348
56.4        	0.0258957
56.44       	0.0258567
56.48       	0.0258177
56.52       	0.0257788
56.56       	0.0257399
56.6        	0.0257011
56.64       	0.0256623
56.68       	0.0256236
56.72       	0.025585
56.76       	0.0255464
56.8        	0.0255079
56.84       	0.0254694
56.88       	0.025431
56.92       	0.0253927
56.96       	0.0253544
57          	0.0253162
57.04       	0.025278
57.08       	0.0252399
57.12       	0.0252018
57.16       	0.0251638
57.2        	0.0251259
57.24       	0.025088
57.28       	0.0250502
57.32       	0.0250124
57.36       	0.0249747
57.4        	0.024937
57.44       	0.0248994
57.48       	0.0248619
57.52       	0.0248244
57.56       	0.024787
57.6        	0.0247496
57.64       	0.0247123
57.68       	0.024675
57.72       	0.0246378
57.76       	0.0246006
57.8        	0.0245635
57.84       	0.0245265
57.88       	0.0244895
57.92       	0.0244526
57.96       	0.0244157
58          	0.0243789
58.04       	0.0243422
58.08       	0.0243055
58.12       	0.0242688
58.16       	0.0242322
58.2        	0.0241957
58.24       	0.0241592
58.28       	0.0241228
58.32       	0.0240864
58.36       	0.0240501
58.4        	0.0240138
58.44       	0.0239776
58.48       	0.0239414
58.52       	0.0239053
58.56       	0.0238693
58.6        	0.0238333
58.64       	0.0237974
58.68       	0.0237615
58.72       	0.0237257
58.76       	0.0236899
58.8        	0.0236542
58.84       	0.0236185
58.88       	0.0235829
58.92       	0.0235473
58.96       	0.0235118
59          	0.0234764
59.04       	0.023441
59.08       	0.0234056
59.12       	0.0233703
59.16       	0.0233351
59.2        	0.0232999
59.24       	0.0232648
59.28       	0.0232297
59.32       	0.0231947
59.36       	0.0231597
59.4        	0.0231248
59.44       	0.0230899
59.48       	0.0230551
59.52       	0.0230203
59.56       	0.0229856
59.6        	0.022951
59.64       	0.0229164
59.68       	0.0228818
59.72       	0.0228473
59.76       	0.0228128
59.8        	0.0227784
59.84       	0.0227441
59.88       	0.0227098
59.92       	0.0226756
59.96       	0.0226414
