0           	0.2         	0           
0.04        	0.199661    	-0.00848004 
0.08        	0.198968    	-0.0173101  
0.12        	0.19791     	-0.0264685  
0.16        	0.196472    	-0.0359332  
0.2         	0.194645    	-0.0456818  
0.24        	0.192417    	-0.0556912  
0.28        	0.18978     	-0.0659384  
0.32        	0.186724    	-0.0763997  
0.36        	0.183242    	-0.0870514  
0.4         	0.179327    	-0.0978694  
0.44        	0.174974    	-0.10883    
0.48        	0.170178    	-0.119908   
0.52        	0.164934    	-0.131079   
0.56        	0.159242    	-0.142319   
0.6         	0.153097    	-0.153604   
0.64        	0.146501    	-0.164909   
0.68        	0.139453    	-0.176209   
0.72        	0.131954    	-0.187481   
0.76        	0.124006    	-0.198699   
0.8         	0.115612    	-0.209841   
0.84        	0.106777    	-0.220882   
0.88        	0.0975047   	-0.231799   
0.92        	0.0878019   	-0.242569   
0.96        	0.0776752   	-0.253169   
1           	0.0671321   	-0.263577   
1.04        	0.0561813   	-0.273771   
1.08        	0.0448321   	-0.283729   
1.12        	0.0330949   	-0.293431   
1.16        	0.0209806   	-0.302856   
1.2         	0.00850117  	-0.311986   
1.24        	-0.00433081 	-0.3208     
1.28        	-0.017502   	-0.32928    
1.32        	-0.0309984  	-0.337409   
1.36        	-0.0448052  	-0.34517    
1.4         	-0.0589071  	-0.352547   
1.44        	-0.0732881  	-0.359525   
1.48        	-0.0879317  	-0.36609    
1.52        	-0.102821   	-0.372227   
1.56        	-0.117938   	-0.377925   
1.6         	-0.133265   	-0.383172   
1.64        	-0.148783   	-0.387957   
1.68        	-0.164474   	-0.39227    
1.72        	-0.180318   	-0.396104   
1.76        	-0.196296   	-0.399449   
1.8         	-0.212388   	-0.402299   
1.84        	-0.228574   	-0.404649   
1.88        	-0.244833   	-0.406493   
1.92        	-0.261147   	-0.407827   
1.96        	-0.277493   	-0.40865    
2           	-0.293851   	-0.408958   
2.04        	-0.310201   	-0.40875    
2.08        	-0.326522   	-0.408027   
2.12        	-0.342794   	-0.406789   
2.16        	-0.358995   	-0.405038   
2.2         	-0.375106   	-0.402775   
2.24        	-0.391106   	-0.400005   
2.28        	-0.406975   	-0.396731   
2.32        	-0.422694   	-0.392957   
2.36        	-0.438241   	-0.388689   
2.4         	-0.453599   	-0.383933   
2.44        	-0.468746   	-0.378695   
2.48        	-0.483666   	-0.372982   
2.52        	-0.498338   	-0.366802   
2.56        	-0.512744   	-0.360163   
2.6         	-0.526867   	-0.353073   
2.64        	-0.540689   	-0.345542   
2.68        	-0.554192   	-0.337578   
2.72        	-0.56736    	-0.329191   
2.76        	-0.580175   	-0.32039    
2.8         	-0.592623   	-0.311187   
2.84        	-0.604686   	-0.30159    
2.88        	-0.616351   	-0.291611   
2.92        	-0.627601   	-0.28126    
2.96        	-0.638423   	-0.270548   
3           	-0.648803   	-0.259486   
3.04        	-0.658726   	-0.248084   
3.08        	-0.66818    	-0.236355   
3.12        	-0.677152   	-0.224308   
3.16        	-0.685631   	-0.211955   
3.2         	-0.693603   	-0.199308   
3.24        	-0.701058   	-0.186377   
3.28        	-0.707985   	-0.173174   
3.32        	-0.714373   	-0.15971    
3.36        	-0.720213   	-0.145996   
3.4         	-0.725495   	-0.132044   
3.44        	-0.73021    	-0.117866   
3.48        	-0.734348   	-0.103472   
3.52        	-0.737903   	-0.0888746  
3.56        	-0.740867   	-0.0740852  
3.6         	-0.743231   	-0.0591157  
3.64        	-0.744991   	-0.0439778  
3.68        	-0.746138   	-0.0286835  
3.72        	-0.746668   	-0.013245   
3.76        	-0.746575   	0.00232542  
3.8         	-0.745854   	0.0180153   
3.84        	-0.744502   	0.0338118   
3.88        	-0.742514   	0.0497022   
3.92        	-0.739887   	0.0656732   
3.96        	-0.736618   	0.0817115   
4           	-0.732706   	0.0978032   
4.04        	-0.728149   	0.113935    
4.08        	-0.722945   	0.130091    
4.12        	-0.717095   	0.146258    
4.16        	-0.710598   	0.162421    
4.2         	-0.703455   	0.178565    
4.24        	-0.695668   	0.194673    
4.28        	-0.687239   	0.210729    
4.32        	-0.67817    	0.226719    
4.36        	-0.668465   	0.242624    
4.4         	-0.658128   	0.258427    
4.44        	-0.647164   	0.274112    
4.48        	-0.635577   	0.289661    
4.52        	-0.623375   	0.305055    
4.56        	-0.610564   	0.320277    
4.6         	-0.597152   	0.335308    
4.64        	-0.583147   	0.350128    
4.68        	-0.568558   	0.36472     
4.72        	-0.553395   	0.379064    
4.76        	-0.53767    	0.39314     
4.8         	-0.521393   	0.40693     
4.84        	-0.504576   	0.420415    
4.88        	-0.487233   	0.433574    
4.92        	-0.469377   	0.446389    
4.96        	-0.451024   	0.458841    
5           	-0.432187   	0.470911    
5.04        	-0.412884   	0.482581    
5.08        	-0.393131   	0.493832    
5.12        	-0.372945   	0.504647    
5.16        	-0.352345   	0.515008    
5.2         	-0.331349   	0.524899    
5.24        	-0.309976   	0.534305    
5.28        	-0.288248   	0.543209    
5.32        	-0.266184   	0.551598    
5.36        	-0.243806   	0.559457    
5.4         	-0.221135   	0.566774    
5.44        	-0.198193   	0.573537    
5.48        	-0.175004   	0.579736    
5.52        	-0.15159    	0.585362    
5.56        	-0.127973   	0.590404    
5.6         	-0.104179   	0.594857    
5.64        	-0.0802305  	0.598715    
5.68        	-0.0561516  	0.601971    
5.72        	-0.0319667  	0.604624    
5.76        	-0.00769991 	0.60667     
5.8         	0.0166244   	0.608108    
5.84        	0.040982    	0.608939    
5.88        	0.0653486   	0.609164    
5.92        	0.0897      	0.608787    
5.96        	0.114012    	0.60781     
6           	0.138262    	0.606239    
6.04        	0.162425    	0.604081    
6.08        	0.186479    	0.601342    
6.12        	0.2104      	0.598032    
6.16        	0.234167    	0.594159    
6.2         	0.257756    	0.589734    
6.24        	0.281147    	0.584768    
6.28        	0.304318    	0.579274    
6.32        	0.327248    	0.573263    
6.36        	0.349918    	0.56675     
6.4         	0.372308    	0.559748    
6.44        	0.394399    	0.552272    
6.48        	0.416172    	0.544337    
6.52        	0.437611    	0.535957    
6.56        	0.458697    	0.527148    
6.6         	0.479414    	0.517926    
6.64        	0.499746    	0.508306    
6.68        	0.519678    	0.498304    
6.72        	0.539195    	0.487937    
6.76        	0.558284    	0.477218    
6.8         	0.576931    	0.466165    
6.84        	0.595122    	0.454792    
6.88        	0.612847    	0.443114    
6.92        	0.630093    	0.431145    
6.96        	0.646849    	0.418901    
7           	0.663105    	0.406395    
7.04        	0.67885     	0.393641    
7.08        	0.694076    	0.380652    
7.12        	0.708774    	0.36744     
7.16        	0.722935    	0.354018    
7.2         	0.736551    	0.340397    
7.24        	0.749614    	0.32659     
7.28        	0.762118    	0.312605    
7.32        	0.774057    	0.298455    
7.36        	0.785423    	0.284148    
7.4         	0.79621     	0.269693    
7.44        	0.806414    	0.255101    
7.48        	0.816029    	0.240379    
7.52        	0.825051    	0.225535    
7.56        	0.833474    	0.210578    
7.6         	0.841295    	0.195513    
7.64        	0.848508    	0.180349    
7.68        	0.855112    	0.165092    
7.72        	0.861102    	0.149748    
7.76        	0.866475    	0.134323    
7.8         	0.871228    	0.118823    
7.84        	0.875358    	0.103255    
7.88        	0.878863    	0.0876235   
7.92        	0.88174     	0.0719342   
7.96        	0.883988    	0.0561927   
8           	0.885604    	0.0404045   
8.04        	0.886587    	0.0245751   
8.08        	0.886936    	0.00870996  
8.12        	0.886648    	-0.00718514 
8.16        	0.885724    	-0.0231044  
8.2         	0.884162    	-0.039042   
8.24        	0.881963    	-0.0549915  
8.28        	0.879125    	-0.0709467  
8.32        	0.875649    	-0.0869007  
8.36        	0.871535    	-0.102847   
8.4         	0.866784    	-0.118777   
8.44        	0.861397    	-0.134684   
8.48        	0.855374    	-0.15056    
8.52        	0.848718    	-0.166396   
8.56        	0.841431    	-0.182184   
8.6         	0.833514    	-0.197913   
8.64        	0.824972    	-0.213573   
8.68        	0.815805    	-0.229156   
8.72        	0.806019    	-0.244649   
8.76        	0.795618    	-0.260041   
8.8         	0.784605    	-0.27532    
8.84        	0.772986    	-0.290475   
8.88        	0.760766    	-0.305491   
8.92        	0.747952    	-0.320356   
8.96        	0.73455     	-0.335056   
9           	0.720567    	-0.349577   
9.04        	0.706011    	-0.363904   
9.08        	0.69089     	-0.378021   
9.12        	0.675213    	-0.391914   
9.16        	0.658991    	-0.405566   
9.2         	0.642232    	-0.418962   
9.24        	0.624949    	-0.432084   
9.28        	0.607152    	-0.444917   
9.32        	0.588854    	-0.457444   
9.36        	0.570068    	-0.469648   
9.4         	0.550808    	-0.481513   
9.44        	0.531087    	-0.49302    
9.48        	0.510921    	-0.504155   
9.52        	0.490325    	-0.5149     
9.56        	0.469315    	-0.525239   
9.6         	0.447909    	-0.535156   
9.64        	0.426124    	-0.544636   
9.68        	0.403977    	-0.553664   
9.72        	0.381488    	-0.562224   
9.76        	0.358676    	-0.570305   
9.8         	0.33556     	-0.577891   
9.84        	0.312161    	-0.584971   
9.88        	0.2885      	-0.591533   
9.92        	0.264597    	-0.597566   
9.96        	0.240475    	-0.603062   
10          	0.216155    	-0.60801    
10.04       	0.191658    	-0.612404   
10.08       	0.167009    	-0.616236   
10.12       	0.142229    	-0.619502   
10.16       	0.117341    	-0.622197   
10.2        	0.0923682   	-0.624319   
10.24       	0.0673336   	-0.625864   
10.28       	0.0422603   	-0.626833   
10.32       	0.0171712   	-0.627227   
10.36       	-0.0079106  	-0.627046   
10.4        	-0.0329624  	-0.626295   
10.44       	-0.0579615  	-0.624977   
10.48       	-0.0828854  	-0.623098   
10.52       	-0.107712   	-0.620664   
10.56       	-0.132419   	-0.617683   
10.6        	-0.156986   	-0.614163   
10.64       	-0.18139    	-0.610114   
10.68       	-0.205612   	-0.605546   
10.72       	-0.229631   	-0.60047    
10.76       	-0.253427   	-0.594899   
10.8        	-0.276981   	-0.588846   
10.84       	-0.300274   	-0.582323   
10.88       	-0.323287   	-0.575345   
10.92       	-0.346004   	-0.567925   
10.96       	-0.368408   	-0.56008    
11          	-0.390481   	-0.551823   
11.04       	-0.412207   	-0.54317    
11.08       	-0.433573   	-0.534137   
11.12       	-0.454562   	-0.524739   
11.16       	-0.475162   	-0.514992   
11.2        	-0.495359   	-0.504911   
11.24       	-0.515139   	-0.494513   
11.28       	-0.534491   	-0.483811   
11.32       	-0.553404   	-0.472822   
11.36       	-0.571867   	-0.461559   
11.4        	-0.589868   	-0.450038   
11.44       	-0.607399   	-0.438273   
11.48       	-0.62445    	-0.426277   
11.52       	-0.641013   	-0.414063   
11.56       	-0.657079   	-0.401645   
11.6        	-0.67264    	-0.389035   
11.64       	-0.68769    	-0.376244   
11.68       	-0.702221   	-0.363283   
11.72       	-0.716228   	-0.350165   
11.76       	-0.729704   	-0.336898   
11.8        	-0.742643   	-0.323492   
11.84       	-0.755042   	-0.309957   
11.88       	-0.766894   	-0.296302   
11.92       	-0.778195   	-0.282534   
11.96       	-0.788941   	-0.268661   
12          	-0.799129   	-0.254691   
12.04       	-0.808754   	-0.240629   
12.08       	-0.817814   	-0.226484   
12.12       	-0.826304   	-0.212259   
12.16       	-0.834222   	-0.197962   
12.2        	-0.841566   	-0.183596   
12.24       	-0.848333   	-0.169168   
12.28       	-0.85452    	-0.15468    
12.32       	-0.860126   	-0.140139   
12.36       	-0.865148   	-0.125548   
12.4        	-0.869584   	-0.11091    
12.44       	-0.873433   	-0.0962299  
12.48       	-0.876694   	-0.081511   
12.52       	-0.879364   	-0.066757   
12.56       	-0.881443   	-0.0519713  
12.6        	-0.882929   	-0.0371576  
12.64       	-0.883822   	-0.0223194  
12.68       	-0.88412    	-0.00746026 
12.72       	-0.883824   	0.00741591  
12.76       	-0.882931   	0.0223053   
12.8        	-0.881443   	0.0372037   
12.84       	-0.879359   	0.0521069   
12.88       	-0.876679   	0.0670103   
12.92       	-0.873402   	0.0819092   
12.96       	-0.86953    	0.0967984   
13          	-0.865063   	0.111672    
13.04       	-0.860002   	0.126526    
13.08       	-0.854348   	0.141352    
13.12       	-0.848103   	0.156144    
13.16       	-0.841267   	0.170895    
13.2        	-0.833843   	0.185598    
13.24       	-0.825833   	0.200246    
13.28       	-0.81724    	0.214828    
13.32       	-0.808066   	0.229338    
13.36       	-0.798316   	0.243764    
13.4        	-0.787992   	0.258098    
13.44       	-0.777099   	0.272329    
13.48       	-0.765641   	0.286447    
13.52       	-0.753623   	0.300439    
13.56       	-0.741052   	0.314294    
13.6        	-0.727931   	0.328001    
13.64       	-0.71427    	0.341546    
13.68       	-0.700073   	0.354916    
13.72       	-0.685349   	0.368098    
13.76       	-0.670106   	0.381078    
13.8        	-0.654352   	0.393841    
13.84       	-0.638097   	0.406374    
13.88       	-0.621351   	0.418661    
13.92       	-0.604123   	0.430687    
13.96       	-0.586426   	0.442439    
14          	-0.56827    	0.453899    
14.04       	-0.549668   	0.465053    
14.08       	-0.530632   	0.475886    
14.12       	-0.511177   	0.486383    
14.16       	-0.491316   	0.496528    
14.2        	-0.471064   	0.506306    
14.24       	-0.450436   	0.515704    
14.28       	-0.429447   	0.524705    
14.32       	-0.408115   	0.533298    
14.36       	-0.386457   	0.541467    
14.4        	-0.364489   	0.549201    
14.44       	-0.342229   	0.556486    
14.48       	-0.319697   	0.563311    
14.52       	-0.29691    	0.569665    
14.56       	-0.273889   	0.575538    
14.6        	-0.250652   	0.58092     
14.64       	-0.22722    	0.585803    
14.68       	-0.203613   	0.590178    
14.72       	-0.179851   	0.59404     
14.76       	-0.155956   	0.597382    
14.8        	-0.131948   	0.600201    
14.84       	-0.107848   	0.602491    
14.88       	-0.083678   	0.604252    
14.92       	-0.0594588  	0.60548     
14.96       	-0.0352118  	0.606177    
15          	-0.0109581  	0.606342    
15.04       	0.013281    	0.605977    
15.08       	0.0374844   	0.605086    
15.12       	0.0616313   	0.603672    
15.16       	0.0857009   	0.60174     
15.2        	0.109673    	0.599296    
15.24       	0.133527    	0.596347    
15.28       	0.157243    	0.592901    
15.32       	0.180801    	0.588966    
15.36       	0.204183    	0.584551    
15.4        	0.22737     	0.579667    
15.44       	0.250343    	0.574325    
15.48       	0.273084    	0.568536    
15.52       	0.295577    	0.562312    
15.56       	0.317804    	0.555666    
15.6        	0.339748    	0.54861     
15.64       	0.361394    	0.541158    
15.68       	0.382727    	0.533322    
15.72       	0.403732    	0.525118    
15.76       	0.424394    	0.516558    
15.8        	0.444701    	0.507658    
15.84       	0.464638    	0.49843     
15.88       	0.484193    	0.488888    
15.92       	0.503355    	0.479047    
15.96       	0.522112    	0.46892     
16          	0.540453    	0.458522    
16.04       	0.558367    	0.447864    
16.08       	0.575846    	0.43696     
16.12       	0.592879    	0.425822    
16.16       	0.609457    	0.414464    
16.2        	0.625573    	0.402896    
16.24       	0.641218    	0.391131    
16.28       	0.656386    	0.37918     
16.32       	0.671068    	0.367053    
16.36       	0.685258    	0.35476     
16.4        	0.69895     	0.342311    
16.44       	0.712139    	0.329715    
16.48       	0.724818    	0.316982    
16.52       	0.736983    	0.304119    
16.56       	0.748629    	0.291135    
16.6        	0.75975     	0.278036    
16.64       	0.770343    	0.26483     
16.68       	0.780404    	0.251524    
16.72       	0.789929    	0.238123    
16.76       	0.798914    	0.224633    
16.8        	0.807357    	0.21106     
16.84       	0.815253    	0.197409    
16.88       	0.822601    	0.183684    
16.92       	0.829396    	0.16989     
16.96       	0.835637    	0.156031    
17          	0.841322    	0.142112    
17.04       	0.846447    	0.128135    
17.08       	0.851011    	0.114105    
17.12       	0.855012    	0.100025    
17.16       	0.858448    	0.0858984   
17.2        	0.861318    	0.0717288   
17.24       	0.863618    	0.0575192   
17.28       	0.865349    	0.0432731   
17.32       	0.866509    	0.0289939   
17.36       	0.867096    	0.0146848   
17.4        	0.86711     	0.00034958  
17.44       	0.86655     	-0.0140082  
17.48       	0.865415    	-0.0283848  
17.52       	0.863704    	-0.042776   
17.56       	0.861416    	-0.0571776  
17.6        	0.858553    	-0.0715852  
17.64       	0.855113    	-0.0859938  
17.68       	0.851097    	-0.100398   
17.72       	0.846506    	-0.114793   
17.76       	0.841339    	-0.129173   
17.8        	0.835597    	-0.143531   
17.84       	0.829283    	-0.157861   
17.88       	0.822397    	-0.172156   
17.92       	0.81494     	-0.186408   
17.96       	0.806916    	-0.20061    
18          	0.798326    	-0.214752   
18.04       	0.789173    	-0.228827   
18.08       	0.77946     	-0.242825   
18.12       	0.76919     	-0.256736   
18.16       	0.758368    	-0.27055    
18.2        	0.746998    	-0.284256   
18.24       	0.735085    	-0.297843   
18.28       	0.722633    	-0.311299   
18.32       	0.709648    	-0.324612   
18.36       	0.696137    	-0.337771   
18.4        	0.682107    	-0.350761   
18.44       	0.667564    	-0.36357    
18.48       	0.652517    	-0.376183   
18.52       	0.636973    	-0.388588   
18.56       	0.620942    	-0.400771   
18.6        	0.604434    	-0.412715   
18.64       	0.587457    	-0.424408   
18.68       	0.570024    	-0.435833   
18.72       	0.552145    	-0.446978   
18.76       	0.533832    	-0.457825   
18.8        	0.515098    	-0.468362   
18.84       	0.495955    	-0.478572   
18.88       	0.476417    	-0.488441   
18.92       	0.456499    	-0.497955   
18.96       	0.436215    	-0.5071     
19          	0.41558     	-0.515861   
19.04       	0.394611    	-0.524225   
19.08       	0.373324    	-0.532179   
19.12       	0.351736    	-0.53971    
19.16       	0.329864    	-0.546807   
19.2        	0.307725    	-0.553457   
19.24       	0.285339    	-0.559651   
19.28       	0.262724    	-0.565378   
19.32       	0.239899    	-0.570629   
19.36       	0.216883    	-0.575396   
19.4        	0.193696    	-0.579672   
19.44       	0.170358    	-0.583448   
19.48       	0.146889    	-0.586722   
19.52       	0.12331     	-0.589486   
19.56       	0.0996405   	-0.591739   
19.6        	0.0759014   	-0.593477   
19.64       	0.0521135   	-0.594698   
19.68       	0.0282973   	-0.595404   
19.72       	0.00447361  	-0.595593   
19.76       	-0.0193371  	-0.595267   
19.8        	-0.0431143  	-0.59443    
19.84       	-0.0668377  	-0.593084   
19.88       	-0.0904871  	-0.591235   
19.92       	-0.114043   	-0.588887   
19.96       	-0.137484   	-0.586048   
20          	-0.160793   	-0.582724   
20.04       	-0.18395    	-0.578924   
20.08       	-0.206937   	-0.574655   
20.12       	-0.229734   	-0.569929   
20.16       	-0.252324   	-0.564755   
20.2        	-0.27469    	-0.559144   
20.24       	-0.296814   	-0.553107   
20.28       	-0.31868    	-0.546657   
20.32       	-0.340272   	-0.539804   
20.36       	-0.361575   	-0.532563   
20.4        	-0.382573   	-0.524945   
20.44       	-0.403251   	-0.516963   
20.48       	-0.423597   	-0.508632   
20.52       	-0.443595   	-0.499964   
20.56       	-0.463234   	-0.490972   
20.6        	-0.482501   	-0.48167    
20.64       	-0.501384   	-0.472071   
20.68       	-0.519871   	-0.462188   
20.72       	-0.537953   	-0.452034   
20.76       	-0.555617   	-0.441622   
20.8        	-0.572856   	-0.430963   
20.84       	-0.589659   	-0.420071   
20.88       	-0.606017   	-0.408957   
20.92       	-0.621922   	-0.397632   
20.96       	-0.637367   	-0.386108   
21          	-0.652342   	-0.374394   
21.04       	-0.666843   	-0.362502   
21.08       	-0.68086    	-0.350442   
21.12       	-0.694389   	-0.338222   
21.16       	-0.707423   	-0.325851   
21.2        	-0.719957   	-0.313339   
21.24       	-0.731984   	-0.300693   
21.28       	-0.743501   	-0.287921   
21.32       	-0.754502   	-0.27503    
21.36       	-0.764984   	-0.262026   
21.4        	-0.77494    	-0.248917   
21.44       	-0.784369   	-0.235709   
21.48       	-0.793265   	-0.222406   
21.52       	-0.801625   	-0.209015   
21.56       	-0.809447   	-0.19554    
21.6        	-0.816726   	-0.181986   
21.64       	-0.823461   	-0.168358   
21.68       	-0.829647   	-0.154659   
21.72       	-0.835283   	-0.140894   
21.76       	-0.840366   	-0.127067   
21.8        	-0.844893   	-0.113181   
21.84       	-0.848862   	-0.0992402  
21.88       	-0.852272   	-0.0852475  
21.92       	-0.855121   	-0.0712066  
21.96       	-0.857405   	-0.0571209  
22          	-0.859125   	-0.0429938  
22.04       	-0.860278   	-0.0288287  
22.08       	-0.860863   	-0.0146293  
22.12       	-0.860879   	-0.000399216
22.16       	-0.860325   	0.0138578   
22.2        	-0.8592     	0.0281378   
22.24       	-0.857502   	0.0424366   
22.28       	-0.855232   	0.0567497   
22.32       	-0.852389   	0.0710725   
22.36       	-0.848973   	0.0854001   
22.4        	-0.844984   	0.0997272   
22.44       	-0.840422   	0.114048    
22.48       	-0.835288   	0.128357    
22.52       	-0.829582   	0.142647    
22.56       	-0.823306   	0.156913    
22.6        	-0.81646    	0.171146    
22.64       	-0.809046   	0.185339    
22.68       	-0.801067   	0.199484    
22.72       	-0.792524   	0.213572    
22.76       	-0.78342    	0.227595    
22.8        	-0.773758   	0.241544    
22.84       	-0.763542   	0.255408    
22.88       	-0.752775   	0.269176    
22.92       	-0.741461   	0.282839    
22.96       	-0.729606   	0.296385    
23          	-0.717214   	0.309801    
23.04       	-0.704291   	0.323077    
23.08       	-0.690843   	0.336199    
23.12       	-0.676877   	0.349155    
23.16       	-0.6624     	0.361931    
23.2        	-0.647419   	0.374514    
23.24       	-0.631943   	0.386889    
23.28       	-0.615982   	0.399043    
23.32       	-0.599543   	0.41096     
23.36       	-0.582638   	0.422627    
23.4        	-0.565277   	0.434029    
23.44       	-0.547471   	0.44515     
23.48       	-0.529232   	0.455976    
23.52       	-0.510572   	0.466492    
23.56       	-0.491505   	0.476683    
23.6        	-0.472044   	0.486535    
23.64       	-0.452202   	0.496033    
23.68       	-0.431996   	0.505163    
23.72       	-0.411439   	0.51391     
23.76       	-0.390549   	0.522262    
23.8        	-0.369341   	0.530206    
23.84       	-0.347832   	0.537728    
23.88       	-0.326039   	0.544817    
23.92       	-0.30398    	0.551461    
23.96       	-0.281674   	0.55765     
24          	-0.259139   	0.563374    
24.04       	-0.236395   	0.568623    
24.08       	-0.213459   	0.573389    
24.12       	-0.190352   	0.577665    
24.16       	-0.167095   	0.581445    
24.2        	-0.143706   	0.584722    
24.24       	-0.120206   	0.587492    
24.28       	-0.096616   	0.589751    
24.32       	-0.0729561  	0.591497    
24.36       	-0.049247   	0.592729    
24.4        	-0.0255092  	0.593445    
24.44       	-0.00176331 	0.593647    
24.48       	0.0219701   	0.593335    
24.52       	0.0456706   	0.592513    
24.56       	0.0693179   	0.591183    
24.6        	0.092892    	0.589351    
24.64       	0.116373    	0.587022    
24.68       	0.139741    	0.584202    
24.72       	0.162977    	0.580898    
24.76       	0.186062    	0.577119    
24.8        	0.208977    	0.572873    
24.84       	0.231703    	0.56817     
24.88       	0.254224    	0.563019    
24.92       	0.276521    	0.557432    
24.96       	0.298578    	0.55142     
25          	0.320378    	0.544994    
25.04       	0.341905    	0.538167    
25.08       	0.363143    	0.53095     
25.12       	0.384077    	0.523358    
25.16       	0.404693    	0.515402    
25.2        	0.424977    	0.507096    
25.24       	0.444915    	0.498452    
25.28       	0.464494    	0.489485    
25.32       	0.483703    	0.480208    
25.36       	0.502528    	0.470632    
25.4        	0.520959    	0.460773    
25.44       	0.538984    	0.450641    
25.48       	0.556594    	0.440251    
25.52       	0.573779    	0.429613    
25.56       	0.590529    	0.418741    
25.6        	0.606835    	0.407646    
25.64       	0.622688    	0.39634     
25.68       	0.638081    	0.384833    
25.72       	0.653007    	0.373136    
25.76       	0.667457    	0.361259    
25.8        	0.681426    	0.349212    
25.84       	0.694906    	0.337005    
25.88       	0.707892    	0.324645    
25.92       	0.720377    	0.312143    
25.96       	0.732358    	0.299506    
26          	0.743827    	0.286741    
26.04       	0.754782    	0.273856    
26.08       	0.765216    	0.260857    
26.12       	0.775126    	0.247751    
26.16       	0.784508    	0.234545    
26.2        	0.793357    	0.221243    
26.24       	0.801671    	0.207851    
26.28       	0.809446    	0.194374    
26.32       	0.816679    	0.180817    
26.36       	0.823366    	0.167184    
26.4        	0.829506    	0.153479    
26.44       	0.835094    	0.139708    
26.48       	0.840129    	0.125872    
26.52       	0.844608    	0.111977    
26.56       	0.848529    	0.0980262   
26.6        	0.85189     	0.0840222   
26.64       	0.854689    	0.0699692   
26.68       	0.856923    	0.0558704   
26.72       	0.858593    	0.0417295   
26.76       	0.859695    	0.0275498   
26.8        	0.860228    	0.0133352   
26.84       	0.860192    	-0.000910782
26.88       	0.859584    	-0.0151842  
26.92       	0.858405    	-0.0294809  
26.96       	0.856653    	-0.0437968  
27          	0.854328    	-0.0581273  
27.04       	0.851429    	-0.0724677  
27.08       	0.847957    	-0.0868129  
27.12       	0.84391     	-0.101158   
27.16       	0.839291    	-0.115496   
27.2        	0.834098    	-0.129822   
27.24       	0.828333    	-0.144129   
27.28       	0.821996    	-0.158411   
27.32       	0.81509     	-0.17266    
27.36       	0.807615    	-0.186868   
27.4        	0.799574    	-0.201027   
27.44       	0.790969    	-0.21513    
27.48       	0.781802    	-0.229165   
27.52       	0.772077    	-0.243125   
27.56       	0.761797    	-0.256999   
27.6        	0.750966    	-0.270777   
27.64       	0.739588    	-0.284447   
27.68       	0.727668    	-0.297999   
27.72       	0.715211    	-0.31142    
27.76       	0.702223    	-0.324699   
27.8        	0.688711    	-0.337822   
27.84       	0.67468     	-0.350776   
27.88       	0.660138    	-0.363549   
27.92       	0.645092    	-0.376127   
27.96       	0.629553    	-0.388495   
28          	0.613527    	-0.400639   
28.04       	0.597025    	-0.412544   
28.08       	0.580057    	-0.424197   
28.12       	0.562634    	-0.435582   
28.16       	0.544767    	-0.446684   
28.2        	0.526467    	-0.457488   
28.24       	0.507748    	-0.46798    
28.28       	0.488622    	-0.478144   
28.32       	0.469104    	-0.487967   
28.36       	0.449206    	-0.497432   
28.4        	0.428945    	-0.506527   
28.44       	0.408336    	-0.515238   
28.48       	0.387394    	-0.52355    
28.52       	0.366136    	-0.531451   
28.56       	0.344579    	-0.538928   
28.6        	0.32274     	-0.54597    
28.64       	0.300637    	-0.552564   
28.68       	0.278289    	-0.558701   
28.72       	0.255714    	-0.564371   
28.76       	0.232932    	-0.569564   
28.8        	0.209961    	-0.574272   
28.84       	0.186821    	-0.578488   
28.88       	0.163533    	-0.582206   
28.92       	0.140116    	-0.58542    
28.96       	0.116591    	-0.588125   
29          	0.0929787   	-0.590318   
29.04       	0.0692988   	-0.591997   
29.08       	0.0455725   	-0.593159   
29.12       	0.0218202   	-0.593806   
29.16       	-0.00193728 	-0.593937   
29.2        	-0.0256795  	-0.593555   
29.24       	-0.0493859  	-0.592661   
29.28       	-0.0730363  	-0.59126    
29.32       	-0.0966106  	-0.589356   
29.36       	-0.120089   	-0.586955   
29.4        	-0.143451   	-0.584063   
29.44       	-0.166679   	-0.580688   
29.48       	-0.189752   	-0.576837   
29.52       	-0.212653   	-0.572521   
29.56       	-0.235363   	-0.567747   
29.6        	-0.257864   	-0.562527   
29.64       	-0.280139   	-0.556871   
29.68       	-0.302171   	-0.550792   
29.72       	-0.323943   	-0.544299   
29.76       	-0.345439   	-0.537406   
29.8        	-0.366644   	-0.530125   
29.84       	-0.387543   	-0.52247    
29.88       	-0.408121   	-0.514452   
29.92       	-0.428364   	-0.506086   
29.96       	-0.448259   	-0.497383   
30          	-0.467794   	-0.488359   
30.04       	-0.486955   	-0.479025   
30.08       	-0.505731   	-0.469395   
30.12       	-0.52411    	-0.459482   
30.16       	-0.542082   	-0.449299   
30.2        	-0.559636   	-0.438858   
30.24       	-0.576763   	-0.428171   
30.28       	-0.593453   	-0.417252   
30.32       	-0.609697   	-0.406111   
30.36       	-0.625488   	-0.394759   
30.4        	-0.640816   	-0.383209   
30.44       	-0.655675   	-0.371469   
30.48       	-0.670057   	-0.359551   
30.52       	-0.683956   	-0.347465   
30.56       	-0.697364   	-0.335219   
30.6        	-0.710277   	-0.322823   
30.64       	-0.722689   	-0.310284   
30.68       	-0.734593   	-0.297611   
30.72       	-0.745986   	-0.284812   
30.76       	-0.756861   	-0.271893   
30.8        	-0.767216   	-0.258862   
30.84       	-0.777045   	-0.245725   
30.88       	-0.786344   	-0.232488   
30.92       	-0.79511    	-0.219156   
30.96       	-0.80334    	-0.205734   
31          	-0.811029   	-0.192229   
31.04       	-0.818175   	-0.178644   
31.08       	-0.824774   	-0.164984   
31.12       	-0.830824   	-0.151253   
31.16       	-0.836322   	-0.137455   
31.2        	-0.841266   	-0.123595   
31.24       	-0.845653   	-0.109675   
31.28       	-0.849481   	-0.0956997  
31.32       	-0.852748   	-0.0816724  
31.36       	-0.855452   	-0.0675965  
31.4        	-0.857591   	-0.0534756  
31.44       	-0.859164   	-0.0393131  
31.48       	-0.860168   	-0.0251127  
31.52       	-0.860603   	-0.0108779  
31.56       	-0.860468   	0.00338742  
31.6        	-0.85976    	0.0176794   
31.64       	-0.858481   	0.0319939   
31.68       	-0.856628   	0.0463267   
31.72       	-0.854201   	0.0606731   
31.76       	-0.8512     	0.0750284   
31.8        	-0.847624   	0.0893875   
31.84       	-0.843474   	0.103745    
31.88       	-0.83875    	0.118095    
31.92       	-0.833453   	0.132431    
31.96       	-0.827583   	0.146747    
32          	-0.821142   	0.161037    
32.04       	-0.81413    	0.175291    
32.08       	-0.80655    	0.189504    
32.12       	-0.798403   	0.203666    
32.16       	-0.789693   	0.217769    
32.2        	-0.78042    	0.231804    
32.24       	-0.77059    	0.245761    
32.28       	-0.760205   	0.25963     
32.32       	-0.749269   	0.2734      
32.36       	-0.737786   	0.287061    
32.4        	-0.725762   	0.300601    
32.44       	-0.713202   	0.314008    
32.48       	-0.700111   	0.32727     
32.52       	-0.686496   	0.340373    
32.56       	-0.672364   	0.353306    
32.6        	-0.657722   	0.366054    
32.64       	-0.642578   	0.378603    
32.68       	-0.62694    	0.390941    
32.72       	-0.610818   	0.403051    
32.76       	-0.594221   	0.41492     
32.8        	-0.57716    	0.426533    
32.84       	-0.559645   	0.437875    
32.88       	-0.541688   	0.448931    
32.92       	-0.5233     	0.459686    
32.96       	-0.504495   	0.470126    
33          	-0.485286   	0.480235    
33.04       	-0.465686   	0.489999    
33.08       	-0.44571    	0.499404    
33.12       	-0.425372   	0.508434    
33.16       	-0.404689   	0.517077    
33.2        	-0.383677   	0.525319    
33.24       	-0.362351   	0.533147    
33.28       	-0.340729   	0.540548    
33.32       	-0.318828   	0.547512    
33.36       	-0.296667   	0.554025    
33.4        	-0.274264   	0.560079    
33.44       	-0.251638   	0.565663    
33.48       	-0.228807   	0.570769    
33.52       	-0.205791   	0.575387    
33.56       	-0.182611   	0.579512    
33.6        	-0.159285   	0.583137    
33.64       	-0.135835   	0.586256    
33.68       	-0.11228    	0.588866    
33.72       	-0.0886419  	0.590963    
33.76       	-0.0649402  	0.592544    
33.8        	-0.0411958  	0.593609    
33.84       	-0.0174295  	0.594158    
33.88       	0.00633815  	0.594191    
33.92       	0.0300865   	0.59371     
33.96       	0.0537952   	0.592717    
34          	0.077444    	0.591218    
34.04       	0.101013    	0.589217    
34.08       	0.124481    	0.586719    
34.12       	0.147831    	0.583732    
34.16       	0.171041    	0.580262    
34.2        	0.194094    	0.576318    
34.24       	0.21697     	0.57191     
34.28       	0.239652    	0.567046    
34.32       	0.262122    	0.561738    
34.36       	0.284361    	0.555995    
34.4        	0.306355    	0.54983     
34.44       	0.328085    	0.543255    
34.48       	0.349536    	0.536282    
34.52       	0.370693    	0.528922    
34.56       	0.391541    	0.521191    
34.6        	0.412065    	0.513099    
34.64       	0.432251    	0.504661    
34.68       	0.452087    	0.495889    
34.72       	0.471559    	0.486798    
34.76       	0.490655    	0.4774      
34.8        	0.509363    	0.467708    
34.84       	0.527672    	0.457735    
34.88       	0.545572    	0.447495    
34.92       	0.563052    	0.436999    
34.96       	0.580102    	0.42626     
35          	0.596714    	0.41529     
35.04       	0.612878    	0.404101    
35.08       	0.628586    	0.392703    
35.12       	0.643831    	0.381109    
35.16       	0.658604    	0.369327    
35.2        	0.672898    	0.35737     
35.24       	0.686708    	0.345245    
35.28       	0.700027    	0.332963    
35.32       	0.712848    	0.320532    
35.36       	0.725166    	0.30796     
35.4        	0.736977    	0.295256    
35.44       	0.748274    	0.282427    
35.48       	0.759053    	0.26948     
35.52       	0.76931     	0.256422    
35.56       	0.77904     	0.243259    
35.6        	0.78824     	0.229997    
35.64       	0.796906    	0.216641    
35.68       	0.805033    	0.203197    
35.72       	0.81262     	0.189671    
35.76       	0.819663    	0.176066    
35.8        	0.826158    	0.162386    
35.84       	0.832104    	0.148637    
35.88       	0.837497    	0.134822    
35.92       	0.842335    	0.120945    
35.96       	0.846615    	0.107009    
36          	0.850336    	0.0930188   
36.04       	0.853495    	0.0789773   
36.08       	0.85609     	0.064888    
36.12       	0.85812     	0.0507545   
36.16       	0.859584    	0.0365802   
36.2        	0.860478    	0.0223688   
36.24       	0.860803    	0.00812391  
36.28       	0.860557    	-0.00615071 
36.32       	0.859739    	-0.0204511  
36.36       	0.858348    	-0.0347731  
36.4        	0.856384    	-0.0491123  
36.44       	0.853845    	-0.0634643  
36.48       	0.850732    	-0.077824   
36.52       	0.847045    	-0.0921864  
36.56       	0.842783    	-0.106546   
36.6        	0.837947    	-0.120897   
36.64       	0.832538    	-0.135233   
36.68       	0.826556    	-0.149547   
36.72       	0.820003    	-0.163833   
36.76       	0.812879    	-0.178083   
36.8        	0.805188    	-0.192289   
36.84       	0.79693     	-0.206443   
36.88       	0.788109    	-0.220536   
36.92       	0.778726    	-0.234558   
36.96       	0.768786    	-0.248501   
37          	0.758292    	-0.262354   
37.04       	0.747248    	-0.276106   
37.08       	0.735658    	-0.289747   
37.12       	0.723528    	-0.303264   
37.16       	0.710862    	-0.316645   
37.2        	0.697667    	-0.329879   
37.24       	0.683948    	-0.342952   
37.28       	0.669714    	-0.355852   
37.32       	0.654972    	-0.368564   
37.36       	0.639729    	-0.381075   
37.4        	0.623994    	-0.393371   
37.44       	0.607776    	-0.405437   
37.48       	0.591086    	-0.417259   
37.52       	0.573933    	-0.428822   
37.56       	0.556329    	-0.440111   
37.6        	0.538284    	-0.451111   
37.64       	0.519812    	-0.461808   
37.68       	0.500925    	-0.472185   
37.72       	0.481635    	-0.482229   
37.76       	0.461958    	-0.491926   
37.8        	0.441908    	-0.501259   
37.84       	0.421499    	-0.510217   
37.88       	0.400748    	-0.518783   
37.92       	0.37967     	-0.526947   
37.96       	0.358282    	-0.534693   
38          	0.336602    	-0.542011   
38.04       	0.314646    	-0.548888   
38.08       	0.292434    	-0.555314   
38.12       	0.269983    	-0.561277   
38.16       	0.247312    	-0.566769   
38.2        	0.224441    	-0.571781   
38.24       	0.201389    	-0.576304   
38.28       	0.178175    	-0.580332   
38.32       	0.154821    	-0.583859   
38.36       	0.131346    	-0.58688    
38.4        	0.10777     	-0.58939    
38.44       	0.0841147   	-0.591386   
38.48       	0.0604001   	-0.592867   
38.52       	0.0366468   	-0.593831   
38.56       	0.0128757   	-0.594279   
38.6        	-0.0108928  	-0.594211   
38.64       	-0.0346379  	-0.593629   
38.68       	-0.0583394  	-0.592538   
38.72       	-0.081977   	-0.59094    
38.76       	-0.105531   	-0.588841   
38.8        	-0.12898    	-0.586246   
38.84       	-0.152307   	-0.583163   
38.88       	-0.175491   	-0.5796     
38.92       	-0.198514   	-0.575564   
38.96       	-0.221356   	-0.571065   
39          	-0.244001   	-0.566113   
39.04       	-0.266429   	-0.560718   
39.08       	-0.288625   	-0.554891   
39.12       	-0.310571   	-0.548644   
39.16       	-0.33225    	-0.541989   
39.2        	-0.353648   	-0.534938   
39.24       	-0.374748   	-0.527504   
39.28       	-0.395536   	-0.5197     
39.32       	-0.415998   	-0.511539   
39.36       	-0.436119   	-0.503033   
39.4        	-0.455887   	-0.494197   
39.44       	-0.475289   	-0.485044   
39.48       	-0.494312   	-0.475586   
39.52       	-0.512945   	-0.465837   
39.56       	-0.531178   	-0.45581    
39.6        	-0.548999   	-0.445518   
39.64       	-0.566397   	-0.434972   
39.68       	-0.583365   	-0.424186   
39.72       	-0.599892   	-0.413171   
39.76       	-0.615969   	-0.40194    
39.8        	-0.631589   	-0.390502   
39.84       	-0.646744   	-0.378869   
39.88       	-0.661426   	-0.367051   
39.92       	-0.675629   	-0.355059   
39.96       	-0.689345   	-0.342902   
40          	-0.702568   	-0.330589   
40.04       	-0.715293   	-0.318129   
40.08       	-0.727515   	-0.305531   
40.12       	-0.739227   	-0.292801   
40.16       	-0.750425   	-0.279947   
40.2        	-0.761104   	-0.266977   
40.24       	-0.77126    	-0.253898   
40.28       	-0.780888   	-0.240714   
40.32       	-0.789985   	-0.227433   
40.36       	-0.798548   	-0.214059   
40.4        	-0.806572   	-0.200599   
40.44       	-0.814054   	-0.187056   
40.48       	-0.820991   	-0.173435   
40.52       	-0.827381   	-0.159742   
40.56       	-0.83322    	-0.145979   
40.6        	-0.838506   	-0.132151   
40.64       	-0.843237   	-0.118262   
40.68       	-0.847409   	-0.104315   
40.72       	-0.851022   	-0.0903146  
40.76       	-0.854073   	-0.0762633  
40.8        	-0.856559   	-0.062165   
40.84       	-0.85848    	-0.0480232  
40.88       	-0.859834   	-0.0338413  
40.92       	-0.860619   	-0.0196231  
40.96       	-0.860834   	-0.00537207 
41          	-0.860477   	0.00890786  
41.04       	-0.859549   	0.0232127   
41.08       	-0.858047   	0.0375384   
41.12       	-0.855972   	0.0518804   
41.16       	-0.853323   	0.0662341   
41.2        	-0.850099   	0.0805947   
41.24       	-0.846301   	0.0949568   
41.28       	-0.841928   	0.109315    
41.32       	-0.836981   	0.123663    
41.36       	-0.831462   	0.137995    
41.4        	-0.825369   	0.152305    
41.44       	-0.818706   	0.166584    
41.48       	-0.811473   	0.180826    
41.52       	-0.803672   	0.195022    
41.56       	-0.795306   	0.209165    
41.6        	-0.786376   	0.223245    
41.64       	-0.776886   	0.237253    
41.68       	-0.766839   	0.251179    
41.72       	-0.756238   	0.265013    
41.76       	-0.745088   	0.278744    
41.8        	-0.733394   	0.292361    
41.84       	-0.72116    	0.305853    
41.88       	-0.708391   	0.319207    
41.92       	-0.695095   	0.33241     
41.96       	-0.681277   	0.345451    
42          	-0.666944   	0.358315    
42.04       	-0.652105   	0.370989    
42.08       	-0.636766   	0.38346     
42.12       	-0.620938   	0.395712    
42.16       	-0.604629   	0.407733    
42.2        	-0.587848   	0.419505    
42.24       	-0.570608   	0.431017    
42.28       	-0.552918   	0.442251    
42.32       	-0.53479    	0.453193    
42.36       	-0.516237   	0.463829    
42.4        	-0.497271   	0.474144    
42.44       	-0.477906   	0.484122    
42.48       	-0.458156   	0.49375     
42.52       	-0.438036   	0.503012    
42.56       	-0.41756    	0.511895    
42.6        	-0.396745   	0.520385    
42.64       	-0.375606   	0.528469    
42.68       	-0.35416    	0.536134    
42.72       	-0.332426   	0.543368    
42.76       	-0.310419   	0.550159    
42.8        	-0.28816    	0.556496    
42.84       	-0.265665   	0.56237     
42.88       	-0.242954   	0.56777     
42.92       	-0.220046   	0.572688    
42.96       	-0.196962   	0.577117    
43          	-0.17372    	0.581049    
43.04       	-0.150341   	0.584479    
43.08       	-0.126845   	0.587401    
43.12       	-0.103252   	0.589813    
43.16       	-0.0795836  	0.59171     
43.2        	-0.05586    	0.593092    
43.24       	-0.0321017  	0.593957    
43.28       	-0.00832949 	0.594305    
43.32       	0.0154361   	0.594139    
43.36       	0.0391744   	0.593459    
43.4        	0.0628652   	0.59227     
43.44       	0.0864882   	0.590575    
43.48       	0.110023    	0.58838     
43.52       	0.133451    	0.585692    
43.56       	0.156752    	0.582516    
43.6        	0.179906    	0.578861    
43.64       	0.202896    	0.574736    
43.68       	0.225702    	0.570149    
43.72       	0.248306    	0.565111    
43.76       	0.270691    	0.559632    
43.8        	0.29284     	0.553724    
43.84       	0.314736    	0.547398    
43.88       	0.336363    	0.540666    
43.92       	0.357704    	0.533541    
43.96       	0.378746    	0.526035    
44          	0.399472    	0.518162    
44.04       	0.41987     	0.509934    
44.08       	0.439924    	0.501364    
44.12       	0.459623    	0.492466    
44.16       	0.478953    	0.483253    
44.2        	0.497903    	0.473739    
44.24       	0.51646     	0.463936    
44.28       	0.534614    	0.453857    
44.32       	0.552355    	0.443515    
44.36       	0.569672    	0.432923    
44.4        	0.586556    	0.422093    
44.44       	0.602997    	0.411036    
44.48       	0.618988    	0.399764    
44.52       	0.634519    	0.388288    
44.56       	0.649584    	0.376619    
44.6        	0.664175    	0.364768    
44.64       	0.678284    	0.352743    
44.68       	0.691907    	0.340556    
44.72       	0.705035    	0.328215    
44.76       	0.717664    	0.315728    
44.8        	0.729788    	0.303103    
44.84       	0.741402    	0.29035     
44.88       	0.752501    	0.277474    
44.92       	0.763081    	0.264483    
44.96       	0.773136    	0.251383    
45          	0.782663    	0.23818     
45.04       	0.791658    	0.224881    
45.08       	0.800118    	0.211491    
45.12       	0.808039    	0.198014    
45.16       	0.815417    	0.184457    
45.2        	0.82225     	0.170822    
45.24       	0.828534    	0.157115    
45.28       	0.834268    	0.14334     
45.32       	0.839448    	0.129501    
45.36       	0.844072    	0.115601    
45.4        	0.848138    	0.101644    
45.44       	0.851643    	0.0876334   
45.48       	0.854586    	0.0735732   
45.52       	0.856965    	0.0594667   
45.56       	0.858777    	0.0453173   
45.6        	0.860023    	0.0311286   
45.64       	0.860699    	0.0169041   
45.68       	0.860805    	0.00264759  
45.72       	0.860339    	-0.0116371  
45.76       	0.859301    	-0.0259459  
45.8        	0.85769     	-0.0402747  
45.84       	0.855506    	-0.0546189  
45.88       	0.852747    	-0.068974   
45.92       	0.849413    	-0.083335   
45.96       	0.845505    	-0.0976964  
46          	0.841023    	-0.112053   
46.04       	0.835967    	-0.126398   
46.08       	0.830338    	-0.140726   
46.12       	0.824137    	-0.15503    
46.16       	0.817365    	-0.169302   
46.2        	0.810024    	-0.183536   
46.24       	0.802115    	-0.197722   
46.28       	0.793641    	-0.211853   
46.32       	0.784604    	-0.22592    
46.36       	0.775007    	-0.239913   
46.4        	0.764854    	-0.253822   
46.44       	0.754149    	-0.267637   
46.48       	0.742895    	-0.281347   
46.52       	0.731097    	-0.294941   
46.56       	0.718761    	-0.308407   
46.6        	0.705892    	-0.321732   
46.64       	0.692496    	-0.334906   
46.68       	0.678579    	-0.347914   
46.72       	0.664149    	-0.360742   
46.76       	0.649214    	-0.373379   
46.8        	0.633782    	-0.385809   
46.84       	0.617861    	-0.398018   
46.88       	0.601462    	-0.409991   
46.92       	0.584593    	-0.421715   
46.96       	0.567266    	-0.433175   
47          	0.549492    	-0.444354   
47.04       	0.531282    	-0.455239   
47.08       	0.51265     	-0.465815   
47.12       	0.493607    	-0.476066   
47.16       	0.474168    	-0.485979   
47.2        	0.454346    	-0.495537   
47.24       	0.434157    	-0.504728   
47.28       	0.413616    	-0.513537   
47.32       	0.392738    	-0.521951   
47.36       	0.371539    	-0.529956   
47.4        	0.350038    	-0.537539   
47.44       	0.32825     	-0.544689   
47.48       	0.306194    	-0.551395   
47.52       	0.283889    	-0.557645   
47.56       	0.261352    	-0.563428   
47.6        	0.238602    	-0.568737   
47.64       	0.21566     	-0.573563   
47.68       	0.192544    	-0.577897   
47.72       	0.169274    	-0.581734   
47.76       	0.145872    	-0.585068   
47.8        	0.122356    	-0.587893   
47.84       	0.0987475   	-0.590207   
47.88       	0.0750673   	-0.592006   
47.92       	0.0513357   	-0.59329    
47.96       	0.0275735   	-0.594056   
48          	0.0038012   	-0.594306   
48.04       	-0.0199605  	-0.594042   
48.08       	-0.043691   	-0.593265   
48.12       	-0.0673702  	-0.591979   
48.16       	-0.0909778  	-0.590189   
48.2        	-0.114494   	-0.587899   
48.24       	-0.137898   	-0.585118   
48.28       	-0.161172   	-0.58185    
48.32       	-0.184297   	-0.578105   
48.36       	-0.207252   	-0.573891   
48.4        	-0.230021   	-0.569218   
48.44       	-0.252585   	-0.564095   
48.48       	-0.274926   	-0.558534   
48.52       	-0.297028   	-0.552546   
48.56       	-0.318874   	-0.546141   
48.6        	-0.340447   	-0.539334   
48.64       	-0.361732   	-0.532135   
48.68       	-0.382715   	-0.524559   
48.72       	-0.403379   	-0.516617   
48.76       	-0.423712   	-0.508323   
48.8        	-0.4437     	-0.49969    
48.84       	-0.463329   	-0.490731   
48.88       	-0.482588   	-0.48146    
48.92       	-0.501463   	-0.47189    
48.96       	-0.519944   	-0.462033   
49          	-0.538021   	-0.451904   
49.04       	-0.555681   	-0.441514   
49.08       	-0.572916   	-0.430875   
49.12       	-0.589716   	-0.420001   
49.16       	-0.606072   	-0.408902   
49.2        	-0.621976   	-0.397591   
49.24       	-0.637419   	-0.386078   
49.28       	-0.652394   	-0.374374   
49.32       	-0.666894   	-0.362489   
49.36       	-0.680911   	-0.350433   
49.4        	-0.69444    	-0.338216   
49.44       	-0.707473   	-0.325846   
49.48       	-0.720007   	-0.313333   
49.52       	-0.732034   	-0.300683   
49.56       	-0.74355    	-0.287906   
49.6        	-0.754551   	-0.275008   
49.64       	-0.76503    	-0.261995   
49.68       	-0.774985   	-0.248876   
49.72       	-0.784412   	-0.235655   
49.76       	-0.793305   	-0.222338   
49.8        	-0.801662   	-0.208931   
49.84       	-0.80948    	-0.195439   
49.88       	-0.816755   	-0.181867   
49.92       	-0.823483   	-0.168218   
49.96       	-0.829663   	-0.154498   
50          	-0.835292   	-0.140711   
50.04       	-0.840366   	-0.126859   
50.08       	-0.844884   	-0.112948   
50.12       	-0.848843   	-0.0989811  
50.16       	-0.852242   	-0.0849612  
50.2        	-0.855077   	-0.0708921  
50.24       	-0.857348   	-0.0567772  
50.28       	-0.859053   	-0.0426202  
50.32       	-0.86019    	-0.0284245  
50.36       	-0.860758   	-0.0141938  
50.4        	-0.860755   	6.82132e-05 
50.44       	-0.860181   	0.0143577   
50.48       	-0.859034   	0.0286705   
50.52       	-0.857314   	0.0430024   
50.56       	-0.85502    	0.057349    
50.6        	-0.852152   	0.0717055   
50.64       	-0.848709   	0.0860669   
50.68       	-0.844692   	0.100428    
50.72       	-0.840101   	0.114782    
50.76       	-0.834936   	0.129125    
50.8        	-0.829198   	0.143449    
50.84       	-0.822888   	0.157747    
50.88       	-0.816007   	0.172012    
50.92       	-0.808558   	0.186237    
50.96       	-0.800541   	0.200414    
51          	-0.79196    	0.214533    
51.04       	-0.782817   	0.228586    
51.08       	-0.773114   	0.242564    
51.12       	-0.762856   	0.256456    
51.16       	-0.752046   	0.270252    
51.2        	-0.740688   	0.28394     
51.24       	-0.728788   	0.297511    
51.28       	-0.71635    	0.310951    
51.32       	-0.70338    	0.324249    
51.36       	-0.689884   	0.337392    
51.4        	-0.675869   	0.350366    
51.44       	-0.661343   	0.36316     
51.48       	-0.646313   	0.375758    
51.52       	-0.630787   	0.388146    
51.56       	-0.614774   	0.400312    
51.6        	-0.598285   	0.412239    
51.64       	-0.581328   	0.423914    
51.68       	-0.563915   	0.435321    
51.72       	-0.546058   	0.446446    
51.76       	-0.527767   	0.457273    
51.8        	-0.509055   	0.467788    
51.84       	-0.489936   	0.477976    
51.88       	-0.470423   	0.487822    
51.92       	-0.450531   	0.497312    
51.96       	-0.430273   	0.506431    
52          	-0.409667   	0.515166    
52.04       	-0.388727   	0.523503    
52.08       	-0.36747    	0.531428    
52.12       	-0.345912   	0.538931    
52.16       	-0.324072   	0.545997    
52.2        	-0.301968   	0.552616    
52.24       	-0.279617   	0.558778    
52.28       	-0.257038   	0.564473    
52.32       	-0.23425    	0.56969     
52.36       	-0.211273   	0.574423    
52.4        	-0.188127   	0.578663    
52.44       	-0.164831   	0.582405    
52.48       	-0.141405   	0.585642    
52.52       	-0.11787    	0.58837     
52.56       	-0.0942466  	0.590586    
52.6        	-0.0705551  	0.592288    
52.64       	-0.0468161  	0.593473    
52.68       	-0.0230505  	0.594141    
52.72       	0.000721206 	0.594293    
52.76       	0.0244784   	0.593931    
52.8        	0.0482007   	0.593057    
52.84       	0.0718677   	0.591675    
52.88       	0.0954593   	0.589789    
52.92       	0.118956    	0.587406    
52.96       	0.142337    	0.584531    
53          	0.165584    	0.581172    
53.04       	0.188677    	0.577337    
53.08       	0.211599    	0.573035    
53.12       	0.23433     	0.568276    
53.16       	0.256852    	0.563069    
53.2        	0.279149    	0.557426    
53.24       	0.301204    	0.551357    
53.28       	0.322999    	0.544875    
53.32       	0.344518    	0.537993    
53.36       	0.365747    	0.530721    
53.4        	0.38667     	0.523074    
53.44       	0.407273    	0.515064    
53.48       	0.427541    	0.506705    
53.52       	0.447461    	0.498009    
53.56       	0.467021    	0.48899     
53.6        	0.486207    	0.479661    
53.64       	0.505009    	0.470035    
53.68       	0.523414    	0.460126    
53.72       	0.541412    	0.449946    
53.76       	0.558992    	0.439508    
53.8        	0.576145    	0.428824    
53.84       	0.592861    	0.417906    
53.88       	0.609132    	0.406766    
53.92       	0.624948    	0.395415    
53.96       	0.640303    	0.383865    
54          	0.655188    	0.372126    
54.04       	0.669596    	0.360208    
54.08       	0.683521    	0.34812     
54.12       	0.696956    	0.335874    
54.16       	0.709895    	0.323476    
54.2        	0.722332    	0.310936    
54.24       	0.734263    	0.298262    
54.28       	0.745681    	0.285461    
54.32       	0.756583    	0.272541    
54.36       	0.766963    	0.259508    
54.4        	0.776818    	0.246368    
54.44       	0.786143    	0.233129    
54.48       	0.794935    	0.219794    
54.52       	0.80319     	0.206371    
54.56       	0.810904    	0.192863    
54.6        	0.818075    	0.179276    
54.64       	0.8247      	0.165614    
54.68       	0.830775    	0.15188     
54.72       	0.836298    	0.138081    
54.76       	0.841267    	0.124218    
54.8        	0.845679    	0.110296    
54.84       	0.849532    	0.0963182   
54.88       	0.852823    	0.0822887   
54.92       	0.855552    	0.0682106   
54.96       	0.857715    	0.0540875   
55          	0.859312    	0.0399229   
55.04       	0.860341    	0.0257203   
55.08       	0.8608      	0.0114833   
55.12       	0.860689    	-0.00278422 
55.16       	0.860006    	-0.0170784  
55.2        	0.85875     	-0.0313952  
55.24       	0.856921    	-0.0457303  
55.28       	0.854517    	-0.0600791  
55.32       	0.85154     	-0.0744369  
55.36       	0.847988    	-0.0887986  
55.4        	0.843862    	-0.103159   
55.44       	0.839161    	-0.117511   
55.48       	0.833887    	-0.131851   
55.52       	0.82804     	-0.14617    
55.56       	0.821622    	-0.160463   
55.6        	0.814633    	-0.174721   
55.64       	0.807075    	-0.188938   
55.68       	0.798951    	-0.203104   
55.72       	0.790263    	-0.217212   
55.76       	0.781013    	-0.231251   
55.8        	0.771204    	-0.245213   
55.84       	0.760841    	-0.259088   
55.88       	0.749926    	-0.272864   
55.92       	0.738465    	-0.286531   
55.96       	0.726462    	-0.300078   
56          	0.713922    	-0.313492   
56.04       	0.700852    	-0.326761   
56.08       	0.687257    	-0.339873   
56.12       	0.673144    	-0.352814   
56.16       	0.658521    	-0.365571   
56.2        	0.643396    	-0.378131   
56.24       	0.627777    	-0.390478   
56.28       	0.611673    	-0.402599   
56.32       	0.595094    	-0.41448    
56.36       	0.57805     	-0.426105   
56.4        	0.560551    	-0.437459   
56.44       	0.54261     	-0.448528   
56.48       	0.524238    	-0.459298   
56.52       	0.505448    	-0.469752   
56.56       	0.486253    	-0.479876   
56.6        	0.466667    	-0.489655   
56.64       	0.446704    	-0.499075   
56.68       	0.426379    	-0.508123   
56.72       	0.405708    	-0.516783   
56.76       	0.384706    	-0.525042   
56.8        	0.363391    	-0.532888   
56.84       	0.341778    	-0.540308   
56.88       	0.319887    	-0.547291   
56.92       	0.297734    	-0.553824   
56.96       	0.275338    	-0.559898   
57          	0.252718    	-0.565502   
57.04       	0.229893    	-0.570628   
57.08       	0.206882    	-0.575267   
57.12       	0.183705    	-0.579413   
57.16       	0.160383    	-0.583059   
57.2        	0.136935    	-0.5862     
57.24       	0.113382    	-0.588831   
57.28       	0.0897438   	-0.59095    
57.32       	0.0660417   	-0.592553   
57.36       	0.0422961   	-0.593639   
57.4        	0.0185277   	-0.594209   
57.44       	-0.00524279 	-0.594263   
57.48       	-0.0289949  	-0.593804   
57.52       	-0.0527082  	-0.592833   
57.56       	-0.0763624  	-0.591354   
57.6        	-0.0999374  	-0.589374   
57.64       	-0.123413   	-0.586896   
57.68       	-0.14677    	-0.583929   
57.72       	-0.16999    	-0.580479   
57.76       	-0.193052   	-0.576554   
57.8        	-0.215938   	-0.572164   
57.84       	-0.238631   	-0.567319   
57.88       	-0.261112   	-0.562028   
57.92       	-0.283364   	-0.556303   
57.96       	-0.305371   	-0.550155   
58          	-0.327114   	-0.543596   
58.04       	-0.34858    	-0.536639   
58.08       	-0.369752   	-0.529295   
58.12       	-0.390615   	-0.521578   
58.16       	-0.411155   	-0.5135     
58.2        	-0.431358   	-0.505076   
58.24       	-0.451211   	-0.496317   
58.28       	-0.4707     	-0.487238   
58.32       	-0.489814   	-0.477852   
58.36       	-0.508541   	-0.468172   
58.4        	-0.526869   	-0.45821    
58.44       	-0.544789   	-0.44798    
58.48       	-0.562288   	-0.437494   
58.52       	-0.579359   	-0.426764   
58.56       	-0.595991   	-0.415803   
58.6        	-0.612176   	-0.404622   
58.64       	-0.627905   	-0.393233   
58.68       	-0.643171   	-0.381646   
58.72       	-0.657966   	-0.369872   
58.76       	-0.672283   	-0.357921   
58.8        	-0.686115   	-0.345803   
58.84       	-0.699456   	-0.333526   
58.88       	-0.7123     	-0.321101   
58.92       	-0.724641   	-0.308535   
58.96       	-0.736475   	-0.295836   
59          	-0.747795   	-0.283012   
59.04       	-0.758598   	-0.27007    
59.08       	-0.768879   	-0.257016   
59.12       	-0.778633   	-0.243857   
59.16       	-0.787857   	-0.230599   
59.2        	-0.796547   	-0.217247   
59.24       	-0.804699   	-0.203807   
59.28       	-0.812311   	-0.190284   
59.32       	-0.819378   	-0.176682   
59.36       	-0.825898   	-0.163006   
59.4        	-0.831869   	-0.14926    
59.44       	-0.837286   	-0.135448   
59.48       	-0.842149   	-0.121574   
59.52       	-0.846455   	-0.107641   
59.56       	-0.850201   	-0.093653   
59.6        	-0.853386   	-0.079614   
59.64       	-0.856007   	-0.065527   
59.68       	-0.858063   	-0.0513958  
59.72       	-0.859552   	-0.0372236  
59.76       	-0.860472   	-0.0230142  
59.8        	-0.860823   	-0.00877111 
59.84       	-0.860603   	0.00550181  
59.88       	-0.859811   	0.0198006   
59.92       	-0.858446   	0.0341213   
59.96       	-0.856508   	0.0484593   
60          	-0.853995   	0.0628102   
60.04       	-0.850908   	0.0771692   
60.08       	-0.847247   	0.091531    
60.12       	-0.843012   	0.10589     
60.16       	-0.838202   	0.120241    
60.2        	-0.832819   	0.134577    
60.24       	-0.826863   	0.148892    
60.28       	-0.820336   	0.163179    
60.32       	-0.813239   	0.17743     
60.36       	-0.805573   	0.191637    
60.4        	-0.797342   	0.205793    
60.44       	-0.788546   	0.219888    
60.48       	-0.77919    	0.233914    
60.52       	-0.769275   	0.24786     
60.56       	-0.758807   	0.261717    
60.6        	-0.747788   	0.275473    
60.64       	-0.736223   	0.289118    
60.68       	-0.724117   	0.30264     
60.72       	-0.711476   	0.316028    
60.76       	-0.698305   	0.329268    
60.8        	-0.684611   	0.342349    
60.84       	-0.670401   	0.355256    
60.88       	-0.655682   	0.367976    
60.92       	-0.640462   	0.380497    
60.96       	-0.62475    	0.392802    
61          	-0.608555   	0.404879    
61.04       	-0.591887   	0.416712    
61.08       	-0.574755   	0.428286    
61.12       	-0.557172   	0.439588    
61.16       	-0.539148   	0.450601    
61.2        	-0.520695   	0.461311    
61.24       	-0.501827   	0.471704    
61.28       	-0.482556   	0.481763    
61.32       	-0.462897   	0.491476    
61.36       	-0.442864   	0.500826    
61.4        	-0.422472   	0.509801    
61.44       	-0.401737   	0.518386    
61.48       	-0.380674   	0.526567    
61.52       	-0.359301   	0.534333    
61.56       	-0.337634   	0.541671    
61.6        	-0.315691   	0.548569    
61.64       	-0.293491   	0.555015    
61.68       	-0.271051   	0.561       
61.72       	-0.24839    	0.566514    
61.76       	-0.225528   	0.571548    
61.8        	-0.202484   	0.576095    
61.84       	-0.179279   	0.580146    
61.88       	-0.155931   	0.583696    
61.92       	-0.132461   	0.58674     
61.96       	-0.10889    	0.589274    
62          	-0.0852384  	0.591294    
62.04       	-0.0615264  	0.592799    
62.08       	-0.0377749  	0.593788    
62.12       	-0.0140045  	0.594259    
62.16       	0.00976411  	0.594216    
62.2        	0.0335104   	0.593658    
62.24       	0.0572141   	0.592591    
62.28       	0.0808547   	0.591016    
62.32       	0.104412    	0.588941    
62.36       	0.127867    	0.586369    
62.4        	0.151199    	0.583309    
62.44       	0.17439     	0.579768    
62.48       	0.19742     	0.575755    
62.52       	0.220272    	0.571277    
62.56       	0.242925    	0.566347    
62.6        	0.265364    	0.560972    
62.64       	0.287571    	0.555166    
62.68       	0.309528    	0.548939    
62.72       	0.331221    	0.542303    
62.76       	0.352631    	0.535271    
62.8        	0.373746    	0.527855    
62.84       	0.394548    	0.520068    
62.88       	0.415025    	0.511924    
62.92       	0.435163    	0.503435    
62.96       	0.454947    	0.494614    
63          	0.474366    	0.485476    
63.04       	0.493408    	0.476033    
63.08       	0.51206     	0.466298    
63.12       	0.530311    	0.456284    
63.16       	0.548151    	0.446004    
63.2        	0.56557     	0.435471    
63.24       	0.582558    	0.424696    
63.28       	0.599105    	0.413692    
63.32       	0.615204    	0.402471    
63.36       	0.630846    	0.391043    
63.4        	0.646023    	0.37942     
63.44       	0.660727    	0.367611    
63.48       	0.674952    	0.355628    
63.52       	0.688691    	0.343479    
63.56       	0.701938    	0.331174    
63.6        	0.714687    	0.318721    
63.64       	0.726932    	0.306129    
63.68       	0.738669    	0.293406    
63.72       	0.749891    	0.280558    
63.76       	0.760595    	0.267594    
63.8        	0.770776    	0.25452     
63.84       	0.780429    	0.241342    
63.88       	0.789552    	0.228066    
63.92       	0.79814     	0.214697    
63.96       	0.806189    	0.201241    
64          	0.813697    	0.187702    
64.04       	0.820661    	0.174086    
64.08       	0.827077    	0.160396    
64.12       	0.832942    	0.146637    
64.16       	0.838255    	0.132813    
64.2        	0.843012    	0.118927    
64.24       	0.847211    	0.104983    
64.28       	0.85085     	0.0909856   
64.32       	0.853928    	0.0769372   
64.36       	0.856442    	0.0628416   
64.4        	0.85839     	0.0487022   
64.44       	0.859771    	0.0345227   
64.48       	0.860583    	0.0203066   
64.52       	0.860825    	0.00605753  
64.56       	0.860496    	-0.00822063 
64.6        	0.859595    	-0.0225239  
64.64       	0.858121    	-0.0368482  
64.68       	0.856074    	-0.0511891  
64.72       	0.853452    	-0.0655419  
64.76       	0.850256    	-0.0799018  
64.8        	0.846486    	-0.0942635  
64.84       	0.842141    	-0.108622   
64.88       	0.837222    	-0.12297    
64.92       	0.83173     	-0.137303   
64.96       	0.825665    	-0.151613   
65          	0.81903     	-0.165893   
65.04       	0.811824    	-0.180137   
65.08       	0.804051    	-0.194335   
65.12       	0.795712    	-0.20848    
65.16       	0.786809    	-0.222563   
65.2        	0.777346    	-0.236574   
65.24       	0.767326    	-0.250504   
65.28       	0.756752    	-0.264342   
65.32       	0.745629    	-0.278078   
65.36       	0.733961    	-0.291701   
65.4        	0.721753    	-0.305198   
65.44       	0.709011    	-0.318559   
65.48       	0.69574     	-0.33177    
65.52       	0.681947    	-0.344818   
65.56       	0.66764     	-0.357691   
65.6        	0.652825    	-0.370375   
65.64       	0.63751     	-0.382855   
65.68       	0.621706    	-0.395118   
65.72       	0.60542     	-0.407149   
65.76       	0.588662    	-0.418934   
65.8        	0.571444    	-0.430458   
65.84       	0.553776    	-0.441706   
65.88       	0.535669    	-0.452663   
65.92       	0.517137    	-0.463314   
65.96       	0.498191    	-0.473644   
66          	0.478845    	-0.483639   
66.04       	0.459114    	-0.493283   
66.08       	0.439012    	-0.502563   
66.12       	0.418553    	-0.511465   
66.16       	0.397754    	-0.519974   
66.2        	0.376631    	-0.528078   
66.24       	0.3552      	-0.535763   
66.28       	0.33348     	-0.543018   
66.32       	0.311486    	-0.549831   
66.36       	0.289239    	-0.55619    
66.4        	0.266755    	-0.562086   
66.44       	0.244055    	-0.56751    
66.48       	0.221157    	-0.572451   
66.52       	0.198081    	-0.576904   
66.56       	0.174846    	-0.58086    
66.6        	0.151474    	-0.584315   
66.64       	0.127983    	-0.587262   
66.68       	0.104395    	-0.589698   
66.72       	0.0807306   	-0.591621   
66.76       	0.0570095   	-0.593027   
66.8        	0.0332528   	-0.593917   
66.84       	0.00948118  	-0.594291   
66.88       	-0.0142848  	-0.594149   
66.92       	-0.0380246  	-0.593494   
66.96       	-0.0617178  	-0.59233    
67          	-0.0853442  	-0.59066    
67.04       	-0.108884   	-0.588489   
67.08       	-0.132317   	-0.585825   
67.12       	-0.155624   	-0.582673   
67.16       	-0.178785   	-0.579041   
67.2        	-0.201783   	-0.574938   
67.24       	-0.224598   	-0.570374   
67.28       	-0.247212   	-0.565358   
67.32       	-0.269608   	-0.559901   
67.36       	-0.291769   	-0.554013   
67.4        	-0.313677   	-0.547707   
67.44       	-0.335317   	-0.540995   
67.48       	-0.356672   	-0.533889   
67.52       	-0.377728   	-0.526402   
67.56       	-0.39847    	-0.518546   
67.6        	-0.418884   	-0.510335   
67.64       	-0.438955   	-0.501782   
67.68       	-0.458671   	-0.4929     
67.72       	-0.478019   	-0.483702   
67.76       	-0.496987   	-0.474202   
67.8        	-0.515564   	-0.464413   
67.84       	-0.533737   	-0.454348   
67.88       	-0.551498   	-0.444019   
67.92       	-0.568836   	-0.433439   
67.96       	-0.585741   	-0.42262    
68          	-0.602203   	-0.411574   
68.04       	-0.618216   	-0.400312   
68.08       	-0.63377    	-0.388846   
68.12       	-0.648857   	-0.377187   
68.16       	-0.663471   	-0.365344   
68.2        	-0.677604   	-0.353329   
68.24       	-0.69125    	-0.341149   
68.28       	-0.704403   	-0.328815   
68.32       	-0.717056   	-0.316335   
68.36       	-0.729205   	-0.303718   
68.4        	-0.740844   	-0.29097    
68.44       	-0.751968   	-0.2781     
68.48       	-0.762572   	-0.265115   
68.52       	-0.772653   	-0.25202    
68.56       	-0.782206   	-0.238823   
68.6        	-0.791227   	-0.225529   
68.64       	-0.799713   	-0.212143   
68.68       	-0.80766    	-0.198671   
68.72       	-0.815064   	-0.185117   
68.76       	-0.821924   	-0.171486   
68.8        	-0.828235   	-0.157783   
68.84       	-0.833996   	-0.144011   
68.88       	-0.839203   	-0.130175   
68.92       	-0.843854   	-0.116278   
68.96       	-0.847947   	-0.102324   
69          	-0.851479   	-0.0883163  
69.04       	-0.85445    	-0.0742587  
69.08       	-0.856856   	-0.0601544  
69.12       	-0.858696   	-0.0460072  
69.16       	-0.859969   	-0.0318204  
69.2        	-0.860673   	-0.0175977  
69.24       	-0.860807   	-0.00334285 
69.28       	-0.860369   	0.0109404   
69.32       	-0.859359   	0.025248    
69.36       	-0.857776   	0.0395758   
69.4        	-0.855619   	0.0539193   
69.44       	-0.852888   	0.0682739   
69.48       	-0.849583   	0.0826345   
69.52       	-0.845703   	0.096996    
69.56       	-0.841249   	0.111353    
69.6        	-0.836221   	0.125699    
69.64       	-0.83062    	0.140027    
69.68       	-0.824447   	0.154332    
69.72       	-0.817702   	0.168606    
69.76       	-0.810389   	0.182842    
69.8        	-0.802508   	0.197031    
69.84       	-0.794061   	0.211165    
69.88       	-0.785052   	0.225235    
69.92       	-0.775482   	0.239231    
69.96       	-0.765357   	0.253144    
70          	-0.754678   	0.266964    
70.04       	-0.743451   	0.280679    
70.08       	-0.73168    	0.294279    
70.12       	-0.71937    	0.307752    
70.16       	-0.706526   	0.321085    
70.2        	-0.693156   	0.334266    
70.24       	-0.679264   	0.347282    
70.28       	-0.66486    	0.360119    
70.32       	-0.649949   	0.372765    
70.36       	-0.634541   	0.385206    
70.4        	-0.618644   	0.397426    
70.44       	-0.602267   	0.409411    
70.48       	-0.585421   	0.421148    
70.52       	-0.568117   	0.43262     
70.56       	-0.550364   	0.443814    
70.6        	-0.532175   	0.454713    
70.64       	-0.513563   	0.465305    
70.68       	-0.49454    	0.475572    
70.72       	-0.47512    	0.485501    
70.76       	-0.455317   	0.495077    
70.8        	-0.435146   	0.504287    
70.84       	-0.414621   	0.513114    
70.88       	-0.393759   	0.521547    
70.92       	-0.372576   	0.529573    
70.96       	-0.351089   	0.537177    
71          	-0.329315   	0.544349    
71.04       	-0.307272   	0.551076    
71.08       	-0.284978   	0.557348    
71.12       	-0.262452   	0.563155    
71.16       	-0.239713   	0.568487    
71.2        	-0.216779   	0.573337    
71.24       	-0.193671   	0.577695    
71.28       	-0.170409   	0.581556    
71.32       	-0.147013   	0.584915    
71.36       	-0.123502   	0.587765    
71.4        	-0.0998979  	0.590104    
71.44       	-0.0762207  	0.591928    
71.48       	-0.0524913  	0.593236    
71.52       	-0.0287302  	0.594028    
71.56       	-0.00495802 	0.594304    
71.6        	0.0188045   	0.594064    
71.64       	0.042537    	0.593312    
71.68       	0.0662191   	0.592051    
71.72       	0.0898305   	0.590285    
71.76       	0.113351    	0.58802     
71.8        	0.136762    	0.585262    
71.84       	0.160043    	0.582018    
71.88       	0.183174    	0.578296    
71.92       	0.206139    	0.574105    
71.96       	0.228917    	0.569454    
72          	0.251491    	0.564353    
72.04       	0.273843    	0.558813    
72.08       	0.295957    	0.552845    
72.12       	0.317816    	0.546461    
72.16       	0.339403    	0.539673    
72.2        	0.360702    	0.532493    
72.24       	0.3817      	0.524935    
72.28       	0.40238     	0.51701     
72.32       	0.422729    	0.508733    
72.36       	0.442734    	0.500116    
72.4        	0.462381    	0.491173    
72.44       	0.481658    	0.481917    
72.48       	0.500552    	0.472362    
72.52       	0.519053    	0.462519    
72.56       	0.537149    	0.452402    
72.6        	0.55483     	0.442025    
72.64       	0.572086    	0.431398    
72.68       	0.588907    	0.420535    
72.72       	0.605285    	0.409447    
72.76       	0.621211    	0.398146    
72.8        	0.636677    	0.386642    
72.84       	0.651675    	0.374947    
72.88       	0.666198    	0.363071    
72.92       	0.680238    	0.351023    
72.96       	0.693791    	0.338814    
73          	0.706849    	0.326452    
73.04       	0.719407    	0.313945    
73.08       	0.731459    	0.301302    
73.12       	0.743       	0.288531    
73.16       	0.754026    	0.275638    
73.2        	0.764531    	0.262632    
73.24       	0.774512    	0.249517    
73.28       	0.783964    	0.236301    
73.32       	0.792883    	0.222989    
73.36       	0.801267    	0.209586    
73.4        	0.809111    	0.196098    
73.44       	0.816412    	0.182529    
73.48       	0.823167    	0.168885    
73.52       	0.829374    	0.155168    
73.56       	0.835029    	0.141384    
73.6        	0.840131    	0.127535    
73.64       	0.844676    	0.113627    
73.68       	0.848662    	0.0996627   
73.72       	0.852088    	0.0856452   
73.76       	0.854951    	0.0715784   
73.8        	0.85725     	0.0574658   
73.84       	0.858982    	0.0433107   
73.88       	0.860147    	0.0291168   
73.92       	0.860742    	0.0148877   
73.96       	0.860767    	0.00062715  
74          	0.860221    	-0.0136611  
74.04       	0.859102    	-0.0279728  
74.08       	0.85741     	-0.042304   
74.12       	0.855144    	-0.05665    
74.16       	0.852304    	-0.0710061  
74.2        	0.848889    	-0.0853673  
74.24       	0.8449      	-0.0997283  
74.28       	0.840337    	-0.114083   
74.32       	0.8352      	-0.128427   
74.36       	0.829489    	-0.142751   
74.4        	0.823207    	-0.157051   
74.44       	0.816355    	-0.171318   
74.48       	0.808933    	-0.185546   
74.52       	0.800944    	-0.199725   
74.56       	0.79239     	-0.213847   
74.6        	0.783274    	-0.227904   
74.64       	0.773598    	-0.241885   
74.68       	0.763367    	-0.255781   
74.72       	0.752584    	-0.269582   
74.76       	0.741253    	-0.283276   
74.8        	0.729379    	-0.296853   
74.84       	0.716967    	-0.3103     
74.88       	0.704023    	-0.323605   
74.92       	0.690552    	-0.336755   
74.96       	0.676563    	-0.349739   
75          	0.662061    	-0.362541   
75.04       	0.647055    	-0.375149   
75.08       	0.631553    	-0.387548   
75.12       	0.615564    	-0.399725   
75.16       	0.599098    	-0.411664   
75.2        	0.582164    	-0.423351   
75.24       	0.564773    	-0.434772   
75.28       	0.546936    	-0.445911   
75.32       	0.528666    	-0.456753   
75.36       	0.509975    	-0.467284   
75.4        	0.490875    	-0.477488   
75.44       	0.471381    	-0.487351   
75.48       	0.451507    	-0.496858   
75.52       	0.431267    	-0.505996   
75.56       	0.410677    	-0.51475    
75.6        	0.389753    	-0.523106   
75.64       	0.368511    	-0.531052   
75.68       	0.346968    	-0.538575   
75.72       	0.325141    	-0.545663   
75.76       	0.303049    	-0.552305   
75.8        	0.28071     	-0.558489   
75.84       	0.258141    	-0.564206   
75.88       	0.235363    	-0.569447   
75.92       	0.212395    	-0.574204   
75.96       	0.189256    	-0.578468   
76          	0.165967    	-0.582234   
76.04       	0.142547    	-0.585496   
76.08       	0.119017    	-0.588249   
76.12       	0.0953977   	-0.590491   
76.16       	0.071709    	-0.592217   
76.2        	0.0479719   	-0.593427   
76.24       	0.0242071   	-0.59412    
76.28       	0.000435213 	-0.594298   
76.32       	-0.0233232  	-0.59396    
76.36       	-0.0470476  	-0.593111   
76.4        	-0.0707178  	-0.591754   
76.44       	-0.0943135  	-0.589893   
76.48       	-0.117815   	-0.587533   
76.52       	-0.141202   	-0.584682   
76.56       	-0.164456   	-0.581347   
76.6        	-0.187557   	-0.577535   
76.64       	-0.210488   	-0.573255   
76.68       	-0.233228   	-0.568518   
76.72       	-0.255762   	-0.563332   
76.76       	-0.27807    	-0.55771    
76.8        	-0.300136   	-0.551662   
76.84       	-0.321944   	-0.5452     
76.88       	-0.343478   	-0.538337   
76.92       	-0.364721   	-0.531084   
76.96       	-0.38566    	-0.523455   
77          	-0.406278   	-0.515462   
77.04       	-0.426563   	-0.507119   
77.08       	-0.4465     	-0.49844    
77.12       	-0.466078   	-0.489436   
77.16       	-0.485283   	-0.480122   
77.2        	-0.504103   	-0.47051    
77.24       	-0.522528   	-0.460615   
77.28       	-0.540546   	-0.450448   
77.32       	-0.558146   	-0.440022   
77.36       	-0.57532    	-0.429349   
77.4        	-0.592058   	-0.418442   
77.44       	-0.608351   	-0.407313   
77.48       	-0.62419    	-0.395972   
77.52       	-0.639567   	-0.384431   
77.56       	-0.654475   	-0.372701   
77.6        	-0.668906   	-0.360792   
77.64       	-0.682855   	-0.348712   
77.68       	-0.696314   	-0.336473   
77.72       	-0.709277   	-0.324083   
77.76       	-0.721739   	-0.311549   
77.8        	-0.733694   	-0.298882   
77.84       	-0.745138   	-0.286087   
77.88       	-0.756065   	-0.273172   
77.92       	-0.766471   	-0.260144   
77.96       	-0.776351   	-0.24701    
78          	-0.785702   	-0.233775   
78.04       	-0.79452    	-0.220445   
78.08       	-0.802801   	-0.207026   
78.12       	-0.810542   	-0.193522   
78.16       	-0.817739   	-0.179939   
78.2        	-0.82439    	-0.16628    
78.24       	-0.830492   	-0.15255    
78.28       	-0.836043   	-0.138753   
78.32       	-0.841038   	-0.124894   
78.36       	-0.845477   	-0.110974   
78.4        	-0.849357   	-0.0969995  
78.44       	-0.852676   	-0.0829724  
78.48       	-0.855432   	-0.0688966  
78.52       	-0.857623   	-0.0547756  
78.56       	-0.859248   	-0.0406128  
78.6        	-0.860304   	-0.026412   
78.64       	-0.860791   	-0.0121766  
78.68       	-0.860708   	0.00208954  
78.72       	-0.860052   	0.0163826   
78.76       	-0.858824   	0.0306984   
78.8        	-0.857023   	0.0450327   
78.84       	-0.854648   	0.0593809   
78.88       	-0.851698   	0.0737384   
78.92       	-0.848174   	0.0881      
78.96       	-0.844076   	0.10246     
79          	-0.839403   	0.116814    
79.04       	-0.834157   	0.131154    
79.08       	-0.828338   	0.145474    
79.12       	-0.821947   	0.159768    
79.16       	-0.814986   	0.174029    
79.2        	-0.807456   	0.188247    
79.24       	-0.79936    	0.202416    
79.28       	-0.790699   	0.216527    
79.32       	-0.781476   	0.23057     
79.36       	-0.771694   	0.244536    
79.4        	-0.761358   	0.258415    
79.44       	-0.75047    	0.272196    
79.48       	-0.739035   	0.285869    
79.52       	-0.727058   	0.299422    
79.56       	-0.714545   	0.312843    
79.6        	-0.7015     	0.326119    
79.64       	-0.68793    	0.339239    
79.68       	-0.673843   	0.352189    
79.72       	-0.659244   	0.364955    
79.76       	-0.644144   	0.377525    
79.8        	-0.628548   	0.389883    
79.84       	-0.612468   	0.402015    
79.88       	-0.595911   	0.413908    
79.92       	-0.578889   	0.425545    
79.96       	-0.561413   	0.436914    
80          	-0.543493   	0.447997    
80.04       	-0.525142   	0.458781    
80.08       	-0.506372   	0.469251    
80.12       	-0.487196   	0.479391    
80.16       	-0.467629   	0.489188    
80.2        	-0.447684   	0.498626    
80.24       	-0.427376   	0.507692    
80.28       	-0.406721   	0.516371    
80.32       	-0.385735   	0.52465     
80.36       	-0.364434   	0.532517    
80.4        	-0.342836   	0.539958    
80.44       	-0.320958   	0.546962    
80.48       	-0.298817   	0.553517    
80.52       	-0.276432   	0.559613    
80.56       	-0.253823   	0.565241    
80.6        	-0.231007   	0.57039     
80.64       	-0.208005   	0.575053    
80.68       	-0.184836   	0.579223    
80.72       	-0.16152    	0.582894    
80.76       	-0.138078   	0.586059    
80.8        	-0.114529   	0.588715    
80.84       	-0.090895   	0.590859    
80.88       	-0.0671955  	0.592487    
80.92       	-0.0434516  	0.593599    
80.96       	-0.0196838  	0.594194    
81          	0.0040871   	0.594273    
81.04       	0.0278406   	0.593838    
81.08       	0.0515563   	0.592892    
81.12       	0.0752138   	0.591438    
81.16       	0.0987931   	0.589482    
81.2        	0.122274    	0.587028    
81.24       	0.145638    	0.584085    
81.28       	0.168864    	0.580658    
81.32       	0.191934    	0.576756    
81.36       	0.21483     	0.572389    
81.4        	0.237532    	0.567565    
81.44       	0.260024    	0.562296    
81.48       	0.282288    	0.556592    
81.52       	0.304306    	0.550464    
81.56       	0.326063    	0.543925    
81.6        	0.347543    	0.536986    
81.64       	0.368729    	0.529661    
81.68       	0.389608    	0.521962    
81.72       	0.410164    	0.513901    
81.76       	0.430384    	0.505493    
81.8        	0.450254    	0.496751    
81.84       	0.469761    	0.487687    
81.88       	0.488894    	0.478316    
81.92       	0.50764     	0.468649    
81.96       	0.525988    	0.458701    
82          	0.543927    	0.448483    
82.04       	0.561447    	0.438009    
82.08       	0.578539    	0.427291    
82.12       	0.595193    	0.416341    
82.16       	0.6114      	0.405171    
82.2        	0.627151    	0.393791    
82.24       	0.64244     	0.382214    
82.28       	0.657258    	0.370449    
82.32       	0.671598    	0.358506    
82.36       	0.685454    	0.346396    
82.4        	0.698819    	0.334127    
82.44       	0.711687    	0.321709    
82.48       	0.724053    	0.309149    
82.52       	0.735911    	0.296457    
82.56       	0.747257    	0.283638    
82.6        	0.758085    	0.270702    
82.64       	0.768391    	0.257653    
82.68       	0.778171    	0.244499    
82.72       	0.787421    	0.231246    
82.76       	0.796137    	0.217899    
82.8        	0.804315    	0.204463    
82.84       	0.811953    	0.190944    
82.88       	0.819047    	0.177345    
82.92       	0.825594    	0.163673    
82.96       	0.831591    	0.14993     
83          	0.837036    	0.136121    
83.04       	0.841926    	0.12225     
83.08       	0.846259    	0.108319    
83.12       	0.850032    	0.0943344   
83.16       	0.853244    	0.0802977   
83.2        	0.855893    	0.0662131   
83.24       	0.857976    	0.0520838   
83.28       	0.859492    	0.0379136   
83.32       	0.860441    	0.0237059   
83.36       	0.860819    	0.00946436  
83.4        	0.860627    	-0.0048072  
83.44       	0.859863    	-0.0191049  
83.48       	0.858526    	-0.0334245  
83.52       	0.856615    	-0.0477618  
83.56       	0.854131    	-0.0621123  
83.6        	0.851072    	-0.0764709  
83.64       	0.847439    	-0.0908327  
83.68       	0.843231    	-0.105192   
83.72       	0.838449    	-0.119543   
83.76       	0.833094    	-0.13388    
83.8        	0.827166    	-0.148196   
83.84       	0.820667    	-0.162485   
83.88       	0.813597    	-0.176738   
83.92       	0.805959    	-0.190948   
83.96       	0.797755    	-0.205106   
84          	0.788987    	-0.219205   
84.04       	0.779658    	-0.233234   
84.08       	0.76977     	-0.247184   
84.12       	0.759328    	-0.261045   
84.16       	0.748336    	-0.274807   
84.2        	0.736798    	-0.288457   
84.24       	0.724718    	-0.301986   
84.28       	0.712103    	-0.31538    
84.32       	0.698958    	-0.328628   
84.36       	0.685289    	-0.341717   
84.4        	0.671104    	-0.354633   
84.44       	0.65641     	-0.367363   
84.48       	0.641214    	-0.379893   
84.52       	0.625526    	-0.392209   
84.56       	0.609354    	-0.404297   
84.6        	0.592708    	-0.416142   
84.64       	0.575599    	-0.42773    
84.68       	0.558037    	-0.439045   
84.72       	0.540034    	-0.450073   
84.76       	0.521602    	-0.460798   
84.8        	0.502754    	-0.471206   
84.84       	0.483503    	-0.481282   
84.88       	0.463862    	-0.491012   
84.92       	0.443847    	-0.50038    
84.96       	0.423472    	-0.509373   
85          	0.402753    	-0.517977   
85.04       	0.381706    	-0.526179   
85.08       	0.360347    	-0.533966   
85.12       	0.338694    	-0.541325   
85.16       	0.316764    	-0.548244   
85.2        	0.294576    	-0.554713   
85.24       	0.272147    	-0.56072    
85.28       	0.249497    	-0.566257   
85.32       	0.226644    	-0.571315   
85.36       	0.203609    	-0.575885   
85.4        	0.18041     	-0.579961   
85.44       	0.157069    	-0.583535   
85.48       	0.133605    	-0.586604   
85.52       	0.110038    	-0.589163   
85.56       	0.0863899   	-0.591208   
85.6        	0.0626804   	-0.592738   
85.64       	0.0389304   	-0.593752   
85.68       	0.0151604   	-0.594249   
85.72       	-0.00860878 	-0.59423    
85.76       	-0.0323567  	-0.593697   
85.8        	-0.0560628  	-0.592654   
85.84       	-0.079707   	-0.591105   
85.88       	-0.103269   	-0.589053   
85.92       	-0.126729   	-0.586506   
85.96       	-0.150068   	-0.58347    
86          	-0.173266   	-0.579952   
86.04       	-0.196305   	-0.575961   
86.08       	-0.219165   	-0.571506   
86.12       	-0.241829   	-0.566597   
86.16       	-0.264279   	-0.561244   
86.2        	-0.286497   	-0.555458   
86.24       	-0.308467   	-0.549251   
86.28       	-0.330172   	-0.542635   
86.32       	-0.351597   	-0.535622   
86.36       	-0.372726   	-0.528224   
86.4        	-0.393544   	-0.520455   
86.44       	-0.414037   	-0.512328   
86.48       	-0.434192   	-0.503855   
86.52       	-0.453994   	-0.495051   
86.56       	-0.473431   	-0.485927   
86.6        	-0.492491   	-0.476499   
86.64       	-0.511162   	-0.466777   
86.68       	-0.529433   	-0.456777   
86.72       	-0.547293   	-0.44651    
86.76       	-0.564733   	-0.435989   
86.8        	-0.581742   	-0.425225   
86.84       	-0.598311   	-0.414233   
86.88       	-0.614432   	-0.403021   
86.92       	-0.630096   	-0.391603   
86.96       	-0.645296   	-0.379989   
87          	-0.660023   	-0.36819    
87.04       	-0.674272   	-0.356214   
87.08       	-0.688035   	-0.344073   
87.12       	-0.701306   	-0.331775   
87.16       	-0.714079   	-0.31933    
87.2        	-0.726349   	-0.306744   
87.24       	-0.73811    	-0.294027   
87.28       	-0.749357   	-0.281186   
87.32       	-0.760086   	-0.268227   
87.36       	-0.770293   	-0.255158   
87.4        	-0.779972   	-0.241985   
87.44       	-0.789121   	-0.228713   
87.48       	-0.797735   	-0.215349   
87.52       	-0.80581    	-0.201897   
87.56       	-0.813345   	-0.188362   
87.6        	-0.820335   	-0.17475    
87.64       	-0.826777   	-0.161063   
87.68       	-0.83267    	-0.147307   
87.72       	-0.838009   	-0.133486   
87.76       	-0.842793   	-0.119603   
87.8        	-0.84702    	-0.105663   
87.84       	-0.850687   	-0.0916674  
87.88       	-0.853791   	-0.0776214  
87.92       	-0.856333   	-0.0635279  
87.96       	-0.858308   	-0.0493907  
88          	-0.859717   	-0.035213   
88.04       	-0.860557   	-0.0209986  
88.08       	-0.860827   	-0.00675103 
88.12       	-0.860526   	0.00752581  
88.16       	-0.859653   	0.021828    
88.2        	-0.858206   	0.0361513   
88.24       	-0.856187   	0.0504915   
88.28       	-0.853593   	0.0648439   
88.32       	-0.850425   	0.0792035   
88.36       	-0.846682   	0.0935653   
88.4        	-0.842365   	0.107924    
88.44       	-0.837474   	0.122273    
88.48       	-0.83201    	0.136606    
88.52       	-0.825973   	0.150918    
88.56       	-0.819365   	0.1652      
88.6        	-0.812188   	0.179445    
88.64       	-0.804442   	0.193646    
88.68       	-0.79613    	0.207794    
88.72       	-0.787255   	0.22188     
88.76       	-0.777819   	0.235895    
88.8        	-0.767826   	0.249829    
88.84       	-0.757279   	0.263672    
88.88       	-0.746183   	0.277413    
88.92       	-0.734541   	0.291041    
88.96       	-0.722359   	0.304545    
89          	-0.709643   	0.317913    
89.04       	-0.696397   	0.331131    
89.08       	-0.68263    	0.344188    
89.12       	-0.668347   	0.357069    
89.16       	-0.653557   	0.369763    
89.2        	-0.638266   	0.382253    
89.24       	-0.622485   	0.394527    
89.28       	-0.606223   	0.40657     
89.32       	-0.589488   	0.418367    
89.36       	-0.572292   	0.429904    
89.4        	-0.554645   	0.441166    
89.44       	-0.53656    	0.452137    
89.48       	-0.518047   	0.462803    
89.52       	-0.499122   	0.473149    
89.56       	-0.479795   	0.483161    
89.6        	-0.460082   	0.492823    
89.64       	-0.439997   	0.502121    
89.68       	-0.419556   	0.511041    
89.72       	-0.398773   	0.519569    
89.76       	-0.377665   	0.527693    
89.8        	-0.356249   	0.535399    
89.84       	-0.334542   	0.542675    
89.88       	-0.312562   	0.54951     
89.92       	-0.290326   	0.555892    
89.96       	-0.267854   	0.56181     
90          	-0.245163   	0.567257    
90.04       	-0.222275   	0.572222    
90.08       	-0.199207   	0.576699    
90.12       	-0.175979   	0.580679    
90.16       	-0.152613   	0.584158    
90.2        	-0.129128   	0.58713     
90.24       	-0.105544   	0.589592    
90.28       	-0.0818827  	0.591539    
90.32       	-0.0581639  	0.592971    
90.36       	-0.0344084  	0.593886    
90.4        	-0.010637   	0.594285    
90.44       	0.0131297   	0.594168    
90.48       	0.0368712   	0.593538    
90.52       	0.0605671   	0.592398    
90.56       	0.0841972   	0.590753    
90.6        	0.107742    	0.588606    
90.64       	0.13118     	0.585966    
90.68       	0.154494    	0.582837    
90.72       	0.177663    	0.579228    
90.76       	0.200669    	0.575149    
90.8        	0.223493    	0.570606    
90.84       	0.246117    	0.565612    
90.88       	0.268524    	0.560176    
90.92       	0.290697    	0.554309    
90.96       	0.312618    	0.548024    
91          	0.334271    	0.541331    
91.04       	0.355641    	0.534244    
91.08       	0.376712    	0.526774    
91.12       	0.397469    	0.518936    
91.16       	0.417899    	0.510742    
91.2        	0.437987    	0.502205    
91.24       	0.457721    	0.493339    
91.28       	0.477087    	0.484156    
91.32       	0.496074    	0.474671    
91.36       	0.51467     	0.464896    
91.4        	0.532863    	0.454843    
91.44       	0.550644    	0.444527    
91.48       	0.568003    	0.433959    
91.52       	0.584929    	0.423151    
91.56       	0.601413    	0.412116    
91.6        	0.617448    	0.400864    
91.64       	0.633024    	0.389408    
91.68       	0.648135    	0.377758    
91.72       	0.662772    	0.365924    
91.76       	0.676928    	0.353917    
91.8        	0.690598    	0.341745    
91.84       	0.703775    	0.329418    
91.88       	0.716453    	0.316945    
91.92       	0.728626    	0.304334    
91.96       	0.74029     	0.291593    
92          	0.751439    	0.278729    
92.04       	0.762069    	0.265749    
92.08       	0.772175    	0.25266     
92.12       	0.781754    	0.239467    
92.16       	0.790801    	0.226177    
92.2        	0.799313    	0.212796    
92.24       	0.807286    	0.199328    
92.28       	0.814717    	0.185778    
92.32       	0.821603    	0.172151    
92.36       	0.827941    	0.158451    
92.4        	0.833728    	0.144683    
92.44       	0.838962    	0.130849    
92.48       	0.843641    	0.116955    
92.52       	0.847761    	0.103004    
92.56       	0.851321    	0.0889986   
92.6        	0.854318    	0.0749433   
92.64       	0.856752    	0.0608412   
92.68       	0.85862     	0.046696    
92.72       	0.85992     	0.0325111   
92.76       	0.860652    	0.01829     
92.8        	0.860813    	0.00403663  
92.84       	0.860404    	-0.0102453  
92.88       	0.859422    	-0.0245519  
92.92       	0.857866    	-0.0388788  
92.96       	0.855738    	-0.0532216  
93          	0.853034    	-0.0675758  
93.04       	0.849757    	-0.0819362  
93.08       	0.845905    	-0.0962978  
93.12       	0.841479    	-0.110655   
93.16       	0.836479    	-0.125001   
93.2        	0.830906    	-0.139331   
93.24       	0.82476     	-0.153638   
93.28       	0.818044    	-0.167913   
93.32       	0.810758    	-0.182151   
93.36       	0.802904    	-0.196342   
93.4        	0.794485    	-0.210479   
93.44       	0.785503    	-0.224552   
93.48       	0.775961    	-0.238552   
93.52       	0.765862    	-0.25247    
93.56       	0.75521     	-0.266294   
93.6        	0.744009    	-0.280015   
93.64       	0.732265    	-0.293621   
93.68       	0.719981    	-0.3071     
93.72       	0.707163    	-0.32044    
93.76       	0.693818    	-0.333628   
93.8        	0.679952    	-0.346653   
93.84       	0.665572    	-0.3595     
93.88       	0.650686    	-0.372155   
93.92       	0.635301    	-0.384606   
93.96       	0.619428    	-0.396837   
94          	0.603074    	-0.408834   
94.04       	0.586251    	-0.420583   
94.08       	0.568968    	-0.432069   
94.12       	0.551237    	-0.443276   
94.16       	0.53307     	-0.454191   
94.2        	0.514478    	-0.464797   
94.24       	0.495475    	-0.475081   
94.28       	0.476074    	-0.485026   
94.32       	0.456289    	-0.49462    
94.36       	0.436135    	-0.503847   
94.4        	0.415627    	-0.512694   
94.44       	0.394781    	-0.521147   
94.48       	0.373614    	-0.529192   
94.52       	0.352141    	-0.536817   
94.56       	0.33038     	-0.54401    
94.6        	0.30835     	-0.550759   
94.64       	0.286068    	-0.557054   
94.68       	0.263553    	-0.562883   
94.72       	0.240823    	-0.568239   
94.76       	0.217899    	-0.573112   
94.8        	0.194799    	-0.577495   
94.84       	0.171544    	-0.58138    
94.88       	0.148153    	-0.584763   
94.92       	0.124647    	-0.587638   
94.96       	0.101047    	-0.590002   
95          	0.0773734   	-0.591851   
95.04       	0.053646    	-0.593185   
95.08       	0.0298859   	-0.594002   
95.12       	0.00611382  	-0.594302   
95.16       	-0.0176497  	-0.594088   
95.2        	-0.0413841  	-0.59336    
95.24       	-0.0650691  	-0.592124   
95.28       	-0.0886844  	-0.590383   
95.32       	-0.11221    	-0.588142   
95.36       	-0.135626   	-0.585408   
95.4        	-0.158914   	-0.582187   
95.44       	-0.182053   	-0.578488   
95.48       	-0.205026   	-0.57432    
95.52       	-0.227814   	-0.569691   
95.56       	-0.250398   	-0.564611   
95.6        	-0.272762   	-0.559092   
95.64       	-0.294888   	-0.553145   
95.68       	-0.316759   	-0.546781   
95.72       	-0.338359   	-0.540012   
95.76       	-0.359674   	-0.532851   
95.8        	-0.380686   	-0.525311   
95.84       	-0.401382   	-0.517404   
95.88       	-0.421748   	-0.509144   
95.92       	-0.44177    	-0.500543   
95.96       	-0.461434   	-0.491616   
96          	-0.480729   	-0.482375   
96.04       	-0.499642   	-0.472833   
96.08       	-0.518163   	-0.463004   
96.12       	-0.536279   	-0.4529     
96.16       	-0.55398    	-0.442535   
96.2        	-0.571257   	-0.43192    
96.24       	-0.5881     	-0.421069   
96.28       	-0.604499   	-0.409991   
96.32       	-0.620447   	-0.3987     
96.36       	-0.635936   	-0.387206   
96.4        	-0.650956   	-0.37552    
96.44       	-0.665502   	-0.363653   
96.48       	-0.679567   	-0.351613   
96.52       	-0.693143   	-0.339411   
96.56       	-0.706226   	-0.327056   
96.6        	-0.718808   	-0.314556   
96.64       	-0.730885   	-0.30192    
96.68       	-0.742451   	-0.289155   
96.72       	-0.753502   	-0.276268   
96.76       	-0.764032   	-0.263266   
96.8        	-0.774039   	-0.250157   
96.84       	-0.783516   	-0.236946   
96.88       	-0.792462   	-0.223638   
96.92       	-0.800871   	-0.21024    
96.96       	-0.808742   	-0.196756   
97          	-0.816069   	-0.183191   
97.04       	-0.822851   	-0.16955    
97.08       	-0.829085   	-0.155836   
97.12       	-0.834767   	-0.142055   
97.16       	-0.839895   	-0.12821    
97.2        	-0.844468   	-0.114305   
97.24       	-0.848481   	-0.100343   
97.28       	-0.851934   	-0.086328   
97.32       	-0.854825   	-0.0722635  
97.36       	-0.857151   	-0.058153   
97.4        	-0.858911   	-0.0439999  
97.44       	-0.860103   	-0.0298078  
97.48       	-0.860727   	-0.0155804  
97.52       	-0.860779   	-0.00132121 
97.56       	-0.860261   	0.0129658   
97.6        	-0.85917    	0.0272765   
97.64       	-0.857506   	0.0416068   
97.68       	-0.855267   	0.0559521   
97.72       	-0.852455   	0.0703079   
97.76       	-0.849068   	0.084669    
97.8        	-0.845107   	0.0990301   
97.84       	-0.840572   	0.113386    
97.88       	-0.835463   	0.12773     
97.92       	-0.82978    	0.142055    
97.96       	-0.823526   	0.156356    
98          	-0.816701   	0.170625    
98.04       	-0.809307   	0.184855    
98.08       	-0.801345   	0.199036    
98.12       	-0.792819   	0.213162    
98.16       	-0.78373    	0.227222    
98.2        	-0.774082   	0.241207    
98.24       	-0.763877   	0.255108    
98.28       	-0.753121   	0.268914    
98.32       	-0.741816   	0.282613    
98.36       	-0.729969   	0.296196    
98.4        	-0.717583   	0.309649    
98.44       	-0.704664   	0.322961    
98.48       	-0.691219   	0.33612     
98.52       	-0.677255   	0.349111    
98.56       	-0.662778   	0.361923    
98.6        	-0.647796   	0.37454     
98.64       	-0.632318   	0.38695     
98.68       	-0.616353   	0.399138    
98.72       	-0.599909   	0.411089    
98.76       	-0.582998   	0.422789    
98.8        	-0.565629   	0.434223    
98.84       	-0.547814   	0.445376    
98.88       	-0.529564   	0.456233    
98.92       	-0.510893   	0.466779    
98.96       	-0.491813   	0.476999    
99          	-0.472338   	0.486879    
99.04       	-0.452482   	0.496405    
99.08       	-0.432259   	0.505561    
99.12       	-0.411686   	0.514333    
99.16       	-0.390778   	0.522709    
99.2        	-0.369551   	0.530676    
99.24       	-0.348022   	0.538219    
99.28       	-0.326209   	0.545329    
99.32       	-0.304129   	0.551992    
99.36       	-0.281801   	0.558199    
99.4        	-0.259244   	0.563939    
99.44       	-0.236475   	0.569204    
99.48       	-0.213516   	0.573984    
99.52       	-0.190385   	0.578272    
99.56       	-0.167103   	0.582063    
99.6        	-0.143689   	0.585349    
99.64       	-0.120164   	0.588127    
99.68       	-0.0965479  	0.590393    
99.72       	-0.0728621  	0.592145    
99.76       	-0.0491269  	0.59338     
99.8        	-0.025363   	0.594099    
99.84       	-0.00159092 	0.594301    
99.88       	0.0221686   	0.593989    
99.92       	0.0458952   	0.593164    
99.96       	0.0695685   	0.591831    
