0           	0.2
0.04        	0.199682
0.08        	0.199053
0.12        	0.198121
0.16        	0.196892
0.2         	0.195374
0.24        	0.193577
0.28        	0.191507
0.32        	0.189174
0.36        	0.186588
0.4         	0.183756
0.44        	0.180688
0.48        	0.177394
0.52        	0.173884
0.56        	0.170167
0.6         	0.166253
0.64        	0.162153
0.68        	0.157877
0.72        	0.153435
0.76        	0.148837
0.8         	0.144093
0.84        	0.139215
0.88        	0.134212
0.92        	0.129096
0.96        	0.123875
1           	0.118562
1.04        	0.113165
1.08        	0.107695
1.12        	0.102163
1.16        	0.0965789
1.2         	0.0909518
1.24        	0.0852919
1.28        	0.0796089
1.32        	0.0739123
1.36        	0.0682115
1.4         	0.0625156
1.44        	0.0568338
1.48        	0.0511746
1.52        	0.0455468
1.56        	0.0399587
1.6         	0.0344185
1.64        	0.028934
1.68        	0.0235129
1.72        	0.0181626
1.76        	0.0128903
1.8         	0.00770273
1.84        	0.00260663
1.88        	-0.00239171
1.92        	-0.00728626
1.96        	-0.0120713
2           	-0.0167413
2.04        	-0.0212911
2.08        	-0.0257158
2.12        	-0.0300109
2.16        	-0.0341721
2.2         	-0.0381954
2.24        	-0.0420772
2.28        	-0.045814
2.32        	-0.0494028
2.36        	-0.0528408
2.4         	-0.0561255
2.44        	-0.0592548
2.48        	-0.0622268
2.52        	-0.0650398
2.56        	-0.0676925
2.6         	-0.070184
2.64        	-0.0725135
2.68        	-0.0746804
2.72        	-0.0766846
2.76        	-0.0785262
2.8         	-0.0802054
2.84        	-0.0817229
2.88        	-0.0830794
2.92        	-0.0842759
2.96        	-0.0853139
3           	-0.0861948
3.04        	-0.0869203
3.08        	-0.0874924
3.12        	-0.0879133
3.16        	-0.0881852
3.2         	-0.0883108
3.24        	-0.0882928
3.28        	-0.0881341
3.32        	-0.0878377
3.36        	-0.0874068
3.4         	-0.0868449
3.44        	-0.0861555
3.48        	-0.0853422
3.52        	-0.0844088
3.56        	-0.0833591
3.6         	-0.0821972
3.64        	-0.0809272
3.68        	-0.0795532
3.72        	-0.0780796
3.76        	-0.0765106
3.8         	-0.0748508
3.84        	-0.0731044
3.88        	-0.0712762
3.92        	-0.0693705
3.96        	-0.0673921
4           	-0.0653455
4.04        	-0.0632353
4.08        	-0.0610663
4.12        	-0.0588429
4.16        	-0.05657
4.2         	-0.054252
4.24        	-0.0518937
4.28        	-0.0494995
4.32        	-0.047074
4.36        	-0.0446217
4.4         	-0.0421472
4.44        	-0.0396547
4.48        	-0.0371486
4.52        	-0.0346332
4.56        	-0.0321127
4.6         	-0.0295913
4.64        	-0.0270729
4.68        	-0.0245616
4.72        	-0.0220613
4.76        	-0.0195756
4.8         	-0.0171084
4.84        	-0.0146631
4.88        	-0.0122432
4.92        	-0.0098522
4.96        	-0.00749322
5           	-0.00516944
5.04        	-0.00288386
5.08        	-0.000639376
5.12        	0.00156124
5.16        	0.00371534
5.2         	0.00582042
5.24        	0.00787409
5.28        	0.00987408
5.32        	0.0118183
5.36        	0.0137047
5.4         	0.0155314
5.44        	0.0172968
5.48        	0.0189992
5.52        	0.0206371
5.56        	0.0222093
5.6         	0.0237145
5.64        	0.0251516
5.68        	0.0265198
5.72        	0.0278181
5.76        	0.029046
5.8         	0.0302029
5.84        	0.0312883
5.88        	0.032302
5.92        	0.0332437
5.96        	0.0341134
6           	0.0349111
6.04        	0.0356371
6.08        	0.0362915
6.12        	0.0368747
6.16        	0.0373873
6.2         	0.0378299
6.24        	0.0382031
6.28        	0.0385077
6.32        	0.0387446
6.36        	0.0389148
6.4         	0.0390194
6.44        	0.0390595
6.48        	0.0390362
6.52        	0.038951
6.56        	0.0388052
6.6         	0.0386003
6.64        	0.0383377
6.68        	0.038019
6.72        	0.0376459
6.76        	0.03722
6.8         	0.0367431
6.84        	0.0362169
6.88        	0.0356434
6.92        	0.0350243
6.96        	0.0343615
7           	0.0336571
7.04        	0.0329129
7.08        	0.0321309
7.12        	0.0313132
7.16        	0.0304617
7.2         	0.0295785
7.24        	0.0286657
7.28        	0.0277253
7.32        	0.0267593
7.36        	0.0257698
7.4         	0.0247589
7.44        	0.0237286
7.48        	0.022681
7.52        	0.021618
7.56        	0.0205417
7.6         	0.019454
7.64        	0.018357
7.68        	0.0172525
7.72        	0.0161426
7.76        	0.015029
7.8         	0.0139136
7.84        	0.0127983
7.88        	0.0116848
7.92        	0.0105749
7.96        	0.00947023
8           	0.00837253
8.04        	0.00728339
8.08        	0.00620438
8.12        	0.00513703
8.16        	0.0040828
8.2         	0.00304312
8.24        	0.00201937
8.28        	0.00101286
8.32        	2.48637e-05
8.36        	-0.000943415
8.4         	-0.00189082
8.44        	-0.00281625
8.48        	-0.00371866
8.52        	-0.00459708
8.56        	-0.00545057
8.6         	-0.00627828
8.64        	-0.00707938
8.68        	-0.00785313
8.72        	-0.00859885
8.76        	-0.00931589
8.8         	-0.0100037
8.84        	-0.0106617
8.88        	-0.0112895
8.92        	-0.0118867
8.96        	-0.012453
9           	-0.012988
9.04        	-0.0134915
9.08        	-0.0139633
9.12        	-0.0144034
9.16        	-0.0148116
9.2         	-0.015188
9.24        	-0.0155325
9.28        	-0.0158453
9.32        	-0.0161265
9.36        	-0.0163763
9.4         	-0.0165948
9.44        	-0.0167825
9.48        	-0.0169395
9.52        	-0.0170663
9.56        	-0.0171633
9.6         	-0.0172308
9.64        	-0.0172695
9.68        	-0.0172797
9.72        	-0.0172621
9.76        	-0.0172172
9.8         	-0.0171457
9.84        	-0.0170481
9.88        	-0.0169253
9.92        	-0.0167778
9.96        	-0.0166064
10          	-0.0164119
10.04       	-0.0161951
10.08       	-0.0159566
10.12       	-0.0156974
10.16       	-0.0154182
10.2        	-0.01512
10.24       	-0.0148036
10.28       	-0.0144697
10.32       	-0.0141195
10.36       	-0.0137536
10.4        	-0.013373
10.44       	-0.0129787
10.48       	-0.0125715
10.52       	-0.0121523
10.56       	-0.011722
10.6        	-0.0112816
10.64       	-0.010832
10.68       	-0.010374
10.72       	-0.00990858
10.76       	-0.00943662
10.8        	-0.00895899
10.84       	-0.00847659
10.88       	-0.00799027
10.92       	-0.00750089
10.96       	-0.0070093
11          	-0.00651633
11.04       	-0.00602279
11.08       	-0.00552948
11.12       	-0.00503719
11.16       	-0.00454669
11.2        	-0.00405873
11.24       	-0.00357403
11.28       	-0.0030933
11.32       	-0.00261724
11.36       	-0.00214652
11.4        	-0.00168177
11.44       	-0.00122363
11.48       	-0.000772695
11.52       	-0.000329541
11.56       	0.000105278
11.6        	0.000531231
11.64       	0.000947815
11.68       	0.00135455
11.72       	0.00175099
11.76       	0.00213669
11.8        	0.00251126
11.84       	0.00287432
11.88       	0.00322552
11.92       	0.00356454
11.96       	0.00389107
12          	0.00420485
12.04       	0.00450562
12.08       	0.00479317
12.12       	0.0050673
12.16       	0.00532784
12.2        	0.00557464
12.24       	0.00580759
12.28       	0.00602659
12.32       	0.00623156
12.36       	0.00642247
12.4        	0.00659928
12.44       	0.006762
12.48       	0.00691064
12.52       	0.00704525
12.56       	0.0071659
12.6        	0.00727267
12.64       	0.00736567
12.68       	0.00744502
12.72       	0.00751087
12.76       	0.00756339
12.8        	0.00760276
12.84       	0.00762918
12.88       	0.00764286
12.92       	0.00764404
12.96       	0.00763296
13          	0.0076099
13.04       	0.00757512
13.08       	0.00752891
13.12       	0.00747159
13.16       	0.00740345
13.2        	0.00732484
13.24       	0.00723607
13.28       	0.0071375
13.32       	0.00702949
13.36       	0.00691239
13.4        	0.00678657
13.44       	0.0066524
13.48       	0.00651028
13.52       	0.00636059
13.56       	0.00620371
13.6        	0.00604004
13.64       	0.00586998
13.68       	0.00569393
13.72       	0.00551229
13.76       	0.00532547
13.8        	0.00513386
13.84       	0.00493787
13.88       	0.0047379
13.92       	0.00453434
13.96       	0.00432761
14          	0.00411808
14.04       	0.00390616
14.08       	0.00369222
14.12       	0.00347665
14.16       	0.00325984
14.2        	0.00304214
14.24       	0.00282393
14.28       	0.00260557
14.32       	0.0023874
14.36       	0.00216978
14.4        	0.00195304
14.44       	0.00173751
14.48       	0.00152351
14.52       	0.00131135
14.56       	0.00110134
14.6        	0.000893766
14.64       	0.000688913
14.68       	0.000487055
14.72       	0.000288454
14.76       	9.33642e-05
14.8        	-9.79734e-05
14.84       	-0.000285328
14.88       	-0.000468478
14.92       	-0.000647216
14.96       	-0.000821344
15          	-0.000990674
15.04       	-0.00115503
15.08       	-0.00131426
15.12       	-0.00146819
15.16       	-0.0016167
15.2        	-0.00175966
15.24       	-0.00189693
15.28       	-0.00202843
15.32       	-0.00215405
15.36       	-0.00227371
15.4        	-0.00238734
15.44       	-0.00249488
15.48       	-0.00259628
15.52       	-0.00269149
15.56       	-0.0027805
15.6        	-0.00286327
15.64       	-0.00293981
15.68       	-0.00301011
15.72       	-0.0030742
15.76       	-0.00313208
15.8        	-0.00318379
15.84       	-0.00322937
15.88       	-0.00326888
15.92       	-0.00330236
15.96       	-0.00332989
16          	-0.00335155
16.04       	-0.0033674
16.08       	-0.00337756
16.12       	-0.0033821
16.16       	-0.00338115
16.2        	-0.0033748
16.24       	-0.00336318
16.28       	-0.00334641
16.32       	-0.00332462
16.36       	-0.00329795
16.4        	-0.00326653
16.44       	-0.00323052
16.48       	-0.00319006
16.52       	-0.0031453
16.56       	-0.00309641
16.6        	-0.00304354
16.64       	-0.00298686
16.68       	-0.00292653
16.72       	-0.00286273
16.76       	-0.00279562
16.8        	-0.00272538
16.84       	-0.00265219
16.88       	-0.00257621
16.92       	-0.00249763
16.96       	-0.00241663
17          	-0.00233339
17.04       	-0.00224807
17.08       	-0.00216086
17.12       	-0.00207194
17.16       	-0.00198149
17.2        	-0.00188967
17.24       	-0.00179666
17.28       	-0.00170264
17.32       	-0.00160778
17.36       	-0.00151224
17.4        	-0.00141619
17.44       	-0.0013198
17.48       	-0.00122322
17.52       	-0.00112662
17.56       	-0.00103015
17.6        	-0.000933959
17.64       	-0.000838197
17.68       	-0.000743009
17.72       	-0.000648537
17.76       	-0.000554916
17.8        	-0.000462279
17.84       	-0.000370756
17.88       	-0.00028047
17.92       	-0.000191541
17.96       	-0.000104084
18          	-1.82096e-05
18.04       	6.59764e-05
18.08       	0.000148373
18.12       	0.000228885
18.16       	0.000307419
18.2        	0.000383892
18.24       	0.000458221
18.28       	0.00053033
18.32       	0.000600148
18.36       	0.000667609
18.4        	0.000732654
18.44       	0.000795225
18.48       	0.000855272
18.52       	0.00091275
18.56       	0.000967618
18.6        	0.00101984
18.64       	0.00106939
18.68       	0.00111623
18.72       	0.00116035
18.76       	0.00120174
18.8        	0.00124037
18.84       	0.00127624
18.88       	0.00130936
18.92       	0.00133972
18.96       	0.00136732
19          	0.00139219
19.04       	0.00141433
19.08       	0.00143377
19.12       	0.00145052
19.16       	0.00146462
19.2        	0.00147609
19.24       	0.00148498
19.28       	0.0014913
19.32       	0.00149512
19.36       	0.00149647
19.4        	0.00149539
19.44       	0.00149195
19.48       	0.00148618
19.52       	0.00147816
19.56       	0.00146793
19.6        	0.00145555
19.64       	0.00144109
19.68       	0.00142462
19.72       	0.0014062
19.76       	0.00138589
19.8        	0.00136378
19.84       	0.00133992
19.88       	0.0013144
19.92       	0.00128729
19.96       	0.00125865
20          	0.00122858
20.04       	0.00119714
20.08       	0.00116442
20.12       	0.00113049
20.16       	0.00109542
20.2        	0.00105931
20.24       	0.00102222
20.28       	0.00098424
20.32       	0.000945444
20.36       	0.000905911
20.4        	0.00086572
20.44       	0.000824947
20.48       	0.00078367
20.52       	0.000741964
20.56       	0.000699905
20.6        	0.000657568
20.64       	0.000615025
20.68       	0.000572349
20.72       	0.000529611
20.76       	0.00048688
20.8        	0.000444225
20.84       	0.000401712
20.88       	0.000359407
20.92       	0.000317373
20.96       	0.000275671
21          	0.000234363
21.04       	0.000193505
21.08       	0.000153156
21.12       	0.000113368
21.16       	7.41946e-05
21.2        	3.5686e-05
21.24       	-2.10955e-06
21.28       	-3.91458e-05
21.32       	-7.53787e-05
21.36       	-0.000110766
21.4        	-0.000145269
21.44       	-0.000178849
21.48       	-0.000211472
21.52       	-0.000243103
21.56       	-0.000273713
21.6        	-0.000303273
21.64       	-0.000331757
21.68       	-0.00035914
21.72       	-0.0003854
21.76       	-0.000410519
21.8        	-0.000434479
21.84       	-0.000457264
21.88       	-0.000478862
21.92       	-0.000499262
21.96       	-0.000518455
22          	-0.000536434
22.04       	-0.000553196
22.08       	-0.000568737
22.12       	-0.000583058
22.16       	-0.000596159
22.2        	-0.000608045
22.24       	-0.000618719
22.28       	-0.000628191
22.32       	-0.000636468
22.36       	-0.00064356
22.4        	-0.000649482
22.44       	-0.000654246
22.48       	-0.000657867
22.52       	-0.000660364
22.56       	-0.000661754
22.6        	-0.000662058
22.64       	-0.000661296
22.68       	-0.000659491
22.72       	-0.000656668
22.76       	-0.00065285
22.8        	-0.000648063
22.84       	-0.000642336
22.88       	-0.000635696
22.92       	-0.000628171
22.96       	-0.000619792
23          	-0.000610588
23.04       	-0.000600592
23.08       	-0.000589834
23.12       	-0.000578348
23.16       	-0.000566167
23.2        	-0.000553323
23.24       	-0.000539851
23.28       	-0.000525784
23.32       	-0.000511158
23.36       	-0.000496006
23.4        	-0.000480364
23.44       	-0.000464265
23.48       	-0.000447746
23.52       	-0.000430841
23.56       	-0.000413585
23.6        	-0.000396012
23.64       	-0.000378157
23.68       	-0.000360054
23.72       	-0.000341737
23.76       	-0.00032324
23.8        	-0.000304595
23.84       	-0.000285836
23.88       	-0.000266995
23.92       	-0.000248103
23.96       	-0.000229192
24          	-0.000210293
24.04       	-0.000191435
24.08       	-0.000172648
24.12       	-0.000153961
24.16       	-0.000135401
24.2        	-0.000116996
24.24       	-9.87711e-05
24.28       	-8.0753e-05
24.32       	-6.29661e-05
24.36       	-4.54342e-05
24.4        	-2.81803e-05
24.44       	-1.12263e-05
24.48       	5.40657e-06
24.52       	2.16981e-05
24.56       	3.76291e-05
24.6        	5.31813e-05
24.64       	6.83373e-05
24.68       	8.30809e-05
24.72       	9.73967e-05
24.76       	0.00011127
24.8        	0.000124688
24.84       	0.000137639
24.88       	0.00015011
24.92       	0.000162091
24.96       	0.000173574
25          	0.000184549
25.04       	0.000195009
25.08       	0.000204948
25.12       	0.000214361
25.16       	0.000223242
25.2        	0.000231588
25.24       	0.000239397
25.28       	0.000246667
25.32       	0.000253396
25.36       	0.000259586
25.4        	0.000265236
25.44       	0.000270349
25.48       	0.000274928
25.52       	0.000278975
25.56       	0.000282494
25.6        	0.000285491
25.64       	0.000287972
25.68       	0.000289942
25.72       	0.000291408
25.76       	0.000292379
25.8        	0.000292863
25.84       	0.000292869
25.88       	0.000292406
25.92       	0.000291484
25.96       	0.000290115
26          	0.000288308
26.04       	0.000286077
26.08       	0.000283432
26.12       	0.000280387
26.16       	0.000276954
26.2        	0.000273147
26.24       	0.000268978
26.28       	0.000264463
26.32       	0.000259615
26.36       	0.000254448
26.4        	0.000248978
26.44       	0.000243219
26.48       	0.000237185
26.52       	0.000230893
26.56       	0.000224358
26.6        	0.000217594
26.64       	0.000210617
26.68       	0.000203443
26.72       	0.000196086
26.76       	0.000188564
26.8        	0.000180889
26.84       	0.000173079
26.88       	0.000165148
26.92       	0.000157112
26.96       	0.000148985
27          	0.000140782
27.04       	0.000132518
27.08       	0.000124207
27.12       	0.000115864
27.16       	0.000107502
27.2        	9.91352e-05
27.24       	9.07773e-05
27.28       	8.24413e-05
27.32       	7.41401e-05
27.36       	6.58863e-05
27.4        	5.76921e-05
27.44       	4.95696e-05
27.48       	4.15301e-05
27.52       	3.3585e-05
27.56       	2.57451e-05
27.6        	1.80208e-05
27.64       	1.04221e-05
27.68       	2.95878e-06
27.72       	-4.36006e-06
27.76       	-1.15255e-05
27.8        	-1.85293e-05
27.84       	-2.53633e-05
27.88       	-3.202e-05
27.92       	-3.84924e-05
27.96       	-4.47737e-05
28          	-5.08578e-05
28.04       	-5.67388e-05
28.08       	-6.24115e-05
28.12       	-6.78708e-05
28.16       	-7.31123e-05
28.2        	-7.8132e-05
28.24       	-8.29263e-05
28.28       	-8.74921e-05
28.32       	-9.18265e-05
28.36       	-9.59274e-05
28.4        	-9.97927e-05
28.44       	-0.000103421
28.48       	-0.000106811
28.52       	-0.000109963
28.56       	-0.000112876
28.6        	-0.000115549
28.64       	-0.000117985
28.68       	-0.000120183
28.72       	-0.000122144
28.76       	-0.000123872
28.8        	-0.000125366
28.84       	-0.00012663
28.88       	-0.000127666
28.92       	-0.000128477
28.96       	-0.000129066
29          	-0.000129437
29.04       	-0.000129593
29.08       	-0.000129539
29.12       	-0.000129279
29.16       	-0.000128817
29.2        	-0.000128158
29.24       	-0.000127307
29.28       	-0.00012627
29.32       	-0.000125051
29.36       	-0.000123657
29.4        	-0.000122093
29.44       	-0.000120364
29.48       	-0.000118478
29.52       	-0.00011644
29.56       	-0.000114256
29.6        	-0.000111933
29.64       	-0.000109477
29.68       	-0.000106896
29.72       	-0.000104195
29.76       	-0.000101381
29.8        	-9.84615e-05
29.84       	-9.54428e-05
29.88       	-9.23317e-05
29.92       	-8.91351e-05
29.96       	-8.58598e-05
30          	-8.25126e-05
30.04       	-7.91004e-05
30.08       	-7.56299e-05
30.12       	-7.21077e-05
30.16       	-6.85406e-05
30.2        	-6.49352e-05
30.24       	-6.12981e-05
30.28       	-5.76355e-05
30.32       	-5.3954e-05
30.36       	-5.02599e-05
30.4        	-4.65592e-05
30.44       	-4.2858e-05
30.48       	-3.91622e-05
30.52       	-3.54777e-05
30.56       	-3.18102e-05
30.6        	-2.81651e-05
30.64       	-2.45478e-05
30.68       	-2.09636e-05
30.72       	-1.74175e-05
30.76       	-1.39145e-05
30.8        	-1.04593e-05
30.84       	-7.05647e-06
30.88       	-3.7104e-06
30.92       	-4.25314e-07
30.96       	2.79475e-06
31          	5.94595e-06
31.04       	9.0246e-06
31.08       	1.20272e-05
31.12       	1.49506e-05
31.16       	1.77916e-05
31.2        	2.05472e-05
31.24       	2.32149e-05
31.28       	2.57921e-05
31.32       	2.82765e-05
31.36       	3.06659e-05
31.4        	3.29585e-05
31.44       	3.51525e-05
31.48       	3.72464e-05
31.52       	3.92388e-05
31.56       	4.11286e-05
31.6        	4.29148e-05
31.64       	4.45966e-05
31.68       	4.61734e-05
31.72       	4.76448e-05
31.76       	4.90105e-05
31.8        	5.02705e-05
31.84       	5.14248e-05
31.88       	5.24738e-05
31.92       	5.34179e-05
31.96       	5.42576e-05
32          	5.49937e-05
32.04       	5.56271e-05
32.08       	5.61588e-05
32.12       	5.65901e-05
32.16       	5.69221e-05
32.2        	5.71565e-05
32.24       	5.72947e-05
32.28       	5.73384e-05
32.32       	5.72896e-05
32.36       	5.71501e-05
32.4        	5.69219e-05
32.44       	5.66072e-05
32.48       	5.62082e-05
32.52       	5.57273e-05
32.56       	5.51668e-05
32.6        	5.45293e-05
32.64       	5.38173e-05
32.68       	5.30334e-05
32.72       	5.21803e-05
32.76       	5.12608e-05
32.8        	5.02777e-05
32.84       	4.92338e-05
32.88       	4.8132e-05
32.92       	4.69753e-05
32.96       	4.57665e-05
33          	4.45086e-05
33.04       	4.32047e-05
33.08       	4.18577e-05
33.12       	4.04708e-05
33.16       	3.90468e-05
33.2        	3.75888e-05
33.24       	3.60998e-05
33.28       	3.45828e-05
33.32       	3.30409e-05
33.36       	3.14769e-05
33.4        	2.98938e-05
33.44       	2.82946e-05
33.48       	2.66821e-05
33.52       	2.50591e-05
33.56       	2.34285e-05
33.6        	2.17931e-05
33.64       	2.01554e-05
33.68       	1.85183e-05
33.72       	1.68843e-05
33.76       	1.5256e-05
33.8        	1.36358e-05
33.84       	1.20262e-05
33.88       	1.04295e-05
33.92       	8.84812e-06
33.96       	7.28419e-06
34          	5.73988e-06
34.04       	4.21727e-06
34.08       	2.71837e-06
34.12       	1.24509e-06
34.16       	-2.00708e-07
34.2        	-1.61727e-06
34.24       	-3.00292e-06
34.28       	-4.35604e-06
34.32       	-5.67514e-06
34.36       	-6.95877e-06
34.4        	-8.2056e-06
34.44       	-9.41436e-06
34.48       	-1.05839e-05
34.52       	-1.17131e-05
34.56       	-1.2801e-05
34.6        	-1.38466e-05
34.64       	-1.48492e-05
34.68       	-1.58079e-05
34.72       	-1.67222e-05
34.76       	-1.75914e-05
34.8        	-1.84152e-05
34.84       	-1.91929e-05
34.88       	-1.99245e-05
34.92       	-2.06095e-05
34.96       	-2.12478e-05
35          	-2.18394e-05
35.04       	-2.23841e-05
35.08       	-2.28822e-05
35.12       	-2.33337e-05
35.16       	-2.37389e-05
35.2        	-2.40979e-05
35.24       	-2.44113e-05
35.28       	-2.46793e-05
35.32       	-2.49024e-05
35.36       	-2.50812e-05
35.4        	-2.52164e-05
35.44       	-2.53085e-05
35.48       	-2.53582e-05
35.52       	-2.53664e-05
35.56       	-2.53338e-05
35.6        	-2.52614e-05
35.64       	-2.515e-05
35.68       	-2.50005e-05
35.72       	-2.48141e-05
35.76       	-2.45917e-05
35.8        	-2.43344e-05
35.84       	-2.40433e-05
35.88       	-2.37195e-05
35.92       	-2.33643e-05
35.96       	-2.29788e-05
36          	-2.25642e-05
36.04       	-2.21219e-05
36.08       	-2.16529e-05
36.12       	-2.11587e-05
36.16       	-2.06406e-05
36.2        	-2.00998e-05
36.24       	-1.95376e-05
36.28       	-1.89554e-05
36.32       	-1.83546e-05
36.36       	-1.77364e-05
36.4        	-1.71021e-05
36.44       	-1.64532e-05
36.48       	-1.5791e-05
36.52       	-1.51167e-05
36.56       	-1.44317e-05
36.6        	-1.37374e-05
36.64       	-1.30349e-05
36.68       	-1.23256e-05
36.72       	-1.16108e-05
36.76       	-1.08917e-05
36.8        	-1.01696e-05
36.84       	-9.44566e-06
36.88       	-8.72107e-06
36.92       	-7.99702e-06
36.96       	-7.27465e-06
37          	-6.55509e-06
37.04       	-5.83944e-06
37.08       	-5.12875e-06
37.12       	-4.42408e-06
37.16       	-3.72641e-06
37.2        	-3.03674e-06
37.24       	-2.356e-06
37.28       	-1.68511e-06
37.32       	-1.02494e-06
37.36       	-3.76335e-07
37.4        	2.59902e-07
37.44       	8.82998e-07
37.48       	1.49222e-06
37.52       	2.08687e-06
37.56       	2.66629e-06
37.6        	3.22985e-06
37.64       	3.77697e-06
37.68       	4.30711e-06
37.72       	4.81976e-06
37.76       	5.31444e-06
37.8        	5.79072e-06
37.84       	6.24821e-06
37.88       	6.68656e-06
37.92       	7.10544e-06
37.96       	7.50457e-06
38          	7.88371e-06
38.04       	8.24266e-06
38.08       	8.58124e-06
38.12       	8.89932e-06
38.16       	9.1968e-06
38.2        	9.47361e-06
38.24       	9.72973e-06
38.28       	9.96516e-06
38.32       	1.01799e-05
38.36       	1.03741e-05
38.4        	1.05478e-05
38.44       	1.07012e-05
38.48       	1.08344e-05
38.52       	1.09475e-05
38.56       	1.10409e-05
38.6        	1.11148e-05
38.64       	1.11694e-05
38.68       	1.1205e-05
38.72       	1.1222e-05
38.76       	1.12207e-05
38.8        	1.12015e-05
38.84       	1.11647e-05
38.88       	1.11108e-05
38.92       	1.10402e-05
38.96       	1.09534e-05
39          	1.08508e-05
39.04       	1.07328e-05
39.08       	1.06001e-05
39.12       	1.0453e-05
39.16       	1.02922e-05
39.2        	1.01181e-05
39.24       	9.93126e-06
39.28       	9.7323e-06
39.32       	9.52175e-06
39.36       	9.30018e-06
39.4        	9.06816e-06
39.44       	8.82627e-06
39.48       	8.57509e-06
39.52       	8.31522e-06
39.56       	8.04724e-06
39.6        	7.77175e-06
39.64       	7.48933e-06
39.68       	7.20058e-06
39.72       	6.90608e-06
39.76       	6.60642e-06
39.8        	6.30218e-06
39.84       	5.99395e-06
39.88       	5.68229e-06
39.92       	5.36777e-06
39.96       	5.05095e-06
40          	4.73239e-06
40.04       	4.41263e-06
40.08       	4.0922e-06
40.12       	3.77163e-06
40.16       	3.45144e-06
40.2        	3.13213e-06
40.24       	2.8142e-06
40.28       	2.49812e-06
40.32       	2.18437e-06
40.36       	1.8734e-06
40.4        	1.56564e-06
40.44       	1.26154e-06
40.48       	9.61505e-07
40.52       	6.6593e-07
40.56       	3.75201e-07
40.6        	8.96856e-08
40.64       	-1.90263e-07
40.68       	-4.64307e-07
40.72       	-7.32128e-07
40.76       	-9.93422e-07
40.8        	-1.2479e-06
40.84       	-1.49529e-06
40.88       	-1.73534e-06
40.92       	-1.96782e-06
40.96       	-2.19249e-06
41          	-2.40917e-06
41.04       	-2.61765e-06
41.08       	-2.81778e-06
41.12       	-3.0094e-06
41.16       	-3.19237e-06
41.2        	-3.36657e-06
41.24       	-3.5319e-06
41.28       	-3.68828e-06
41.32       	-3.83562e-06
41.36       	-3.97388e-06
41.4        	-4.10302e-06
41.44       	-4.22301e-06
41.48       	-4.33385e-06
41.52       	-4.43553e-06
41.56       	-4.52808e-06
41.6        	-4.61154e-06
41.64       	-4.68595e-06
41.68       	-4.75137e-06
41.72       	-4.80788e-06
41.76       	-4.85557e-06
41.8        	-4.89454e-06
41.84       	-4.9249e-06
41.88       	-4.94677e-06
41.92       	-4.96029e-06
41.96       	-4.9656e-06
42          	-4.96286e-06
42.04       	-4.95223e-06
42.08       	-4.93389e-06
42.12       	-4.90803e-06
42.16       	-4.87483e-06
42.2        	-4.83449e-06
42.24       	-4.78723e-06
42.28       	-4.73325e-06
42.32       	-4.67277e-06
42.36       	-4.60603e-06
42.4        	-4.53326e-06
42.44       	-4.45469e-06
42.48       	-4.37056e-06
42.52       	-4.28112e-06
42.56       	-4.18662e-06
42.6        	-4.08731e-06
42.64       	-3.98345e-06
42.68       	-3.87529e-06
42.72       	-3.7631e-06
42.76       	-3.64713e-06
42.8        	-3.52764e-06
42.84       	-3.4049e-06
42.88       	-3.27916e-06
42.92       	-3.15069e-06
42.96       	-3.01975e-06
43          	-2.8866e-06
43.04       	-2.75149e-06
43.08       	-2.61469e-06
43.12       	-2.47643e-06
43.16       	-2.33698e-06
43.2        	-2.19657e-06
43.24       	-2.05547e-06
43.28       	-1.91389e-06
43.32       	-1.77208e-06
43.36       	-1.63028e-06
43.4        	-1.4887e-06
43.44       	-1.34757e-06
43.48       	-1.20711e-06
43.52       	-1.06753e-06
43.56       	-9.29026e-07
43.6        	-7.91809e-07
43.64       	-6.5607e-07
43.68       	-5.21996e-07
43.72       	-3.89768e-07
43.76       	-2.59561e-07
43.8        	-1.31543e-07
43.84       	-5.87464e-09
43.88       	1.1729e-07
43.92       	2.37803e-07
43.96       	3.55526e-07
44          	4.70325e-07
44.04       	5.82076e-07
44.08       	6.9066e-07
44.12       	7.95968e-07
44.16       	8.97896e-07
44.2        	9.96349e-07
44.24       	1.09124e-06
44.28       	1.18248e-06
44.32       	1.27001e-06
44.36       	1.35376e-06
44.4        	1.43366e-06
44.44       	1.50968e-06
44.48       	1.58176e-06
44.52       	1.64986e-06
44.56       	1.71396e-06
44.6        	1.77404e-06
44.64       	1.83008e-06
44.68       	1.88207e-06
44.72       	1.93001e-06
44.76       	1.9739e-06
44.8        	2.01376e-06
44.84       	2.0496e-06
44.88       	2.08144e-06
44.92       	2.10931e-06
44.96       	2.13325e-06
45          	2.1533e-06
45.04       	2.1695e-06
45.08       	2.18191e-06
45.12       	2.19058e-06
45.16       	2.19557e-06
45.2        	2.19695e-06
45.24       	2.19478e-06
45.28       	2.18915e-06
45.32       	2.18013e-06
45.36       	2.1678e-06
45.4        	2.15224e-06
45.44       	2.13356e-06
45.48       	2.11183e-06
45.52       	2.08716e-06
45.56       	2.05965e-06
45.6        	2.02938e-06
45.64       	1.99648e-06
45.68       	1.96104e-06
45.72       	1.92317e-06
45.76       	1.88299e-06
45.8        	1.84059e-06
45.84       	1.7961e-06
45.88       	1.74962e-06
45.92       	1.70127e-06
45.96       	1.65117e-06
46          	1.59942e-06
46.04       	1.54616e-06
46.08       	1.49148e-06
46.12       	1.43551e-06
46.16       	1.37837e-06
46.2        	1.32016e-06
46.24       	1.26101e-06
46.28       	1.20101e-06
46.32       	1.1403e-06
46.36       	1.07898e-06
46.4        	1.01716e-06
46.44       	9.54943e-07
46.48       	8.92446e-07
46.52       	8.29771e-07
46.56       	7.67022e-07
46.6        	7.043e-07
46.64       	6.41706e-07
46.68       	5.79337e-07
46.72       	5.17289e-07
46.76       	4.55654e-07
46.8        	3.94522e-07
46.84       	3.33982e-07
46.88       	2.74118e-07
46.92       	2.15014e-07
46.96       	1.56747e-07
47          	9.93943e-08
47.04       	4.303e-08
47.08       	-1.22759e-08
47.12       	-6.6456e-08
47.16       	-1.19446e-07
47.2        	-1.71185e-07
47.24       	-2.21616e-07
47.28       	-2.70683e-07
47.32       	-3.18336e-07
47.36       	-3.64527e-07
47.4        	-4.0921e-07
47.44       	-4.52346e-07
47.48       	-4.93894e-07
47.52       	-5.33822e-07
47.56       	-5.72096e-07
47.6        	-6.0869e-07
47.64       	-6.43578e-07
47.68       	-6.76739e-07
47.72       	-7.08154e-07
47.76       	-7.37807e-07
47.8        	-7.65687e-07
47.84       	-7.91784e-07
47.88       	-8.16092e-07
47.92       	-8.38608e-07
47.96       	-8.59333e-07
48          	-8.78268e-07
48.04       	-8.95418e-07
48.08       	-9.10794e-07
48.12       	-9.24404e-07
48.16       	-9.36263e-07
48.2        	-9.46387e-07
48.24       	-9.54795e-07
48.28       	-9.61506e-07
48.32       	-9.66545e-07
48.36       	-9.69937e-07
48.4        	-9.71708e-07
48.44       	-9.7189e-07
48.48       	-9.70513e-07
48.52       	-9.67611e-07
48.56       	-9.63218e-07
48.6        	-9.57373e-07
48.64       	-9.50112e-07
48.68       	-9.41477e-07
48.72       	-9.31507e-07
48.76       	-9.20247e-07
48.8        	-9.0774e-07
48.84       	-8.9403e-07
48.88       	-8.79164e-07
48.92       	-8.63189e-07
48.96       	-8.46152e-07
49          	-8.28102e-07
49.04       	-8.09088e-07
49.08       	-7.8916e-07
49.12       	-7.68368e-07
49.16       	-7.46762e-07
49.2        	-7.24394e-07
49.24       	-7.01313e-07
49.28       	-6.77573e-07
49.32       	-6.53223e-07
49.36       	-6.28315e-07
49.4        	-6.02899e-07
49.44       	-5.77028e-07
49.48       	-5.5075e-07
49.52       	-5.24117e-07
49.56       	-4.97178e-07
49.6        	-4.69982e-07
49.64       	-4.42579e-07
49.68       	-4.15015e-07
49.72       	-3.87338e-07
49.76       	-3.59596e-07
49.8        	-3.31832e-07
49.84       	-3.04093e-07
49.88       	-2.76423e-07
49.92       	-2.48863e-07
49.96       	-2.21457e-07
50          	-1.94244e-07
50.04       	-1.67265e-07
50.08       	-1.40557e-07
50.12       	-1.14159e-07
50.16       	-8.81063e-08
50.2        	-6.24337e-08
50.24       	-3.71745e-08
50.28       	-1.23611e-08
50.32       	1.19758e-08
50.36       	3.58068e-08
50.4        	5.91039e-08
50.44       	8.18406e-08
50.48       	1.03991e-07
50.52       	1.25533e-07
50.56       	1.46443e-07
50.6        	1.667e-07
50.64       	1.86286e-07
50.68       	2.05181e-07
50.72       	2.23371e-07
50.76       	2.40839e-07
50.8        	2.57573e-07
50.84       	2.7356e-07
50.88       	2.88789e-07
50.92       	3.03252e-07
50.96       	3.1694e-07
51          	3.29847e-07
51.04       	3.41969e-07
51.08       	3.53301e-07
51.12       	3.63841e-07
51.16       	3.73588e-07
51.2        	3.82542e-07
51.24       	3.90706e-07
51.28       	3.9808e-07
51.32       	4.04671e-07
51.36       	4.10482e-07
51.4        	4.1552e-07
51.44       	4.19793e-07
51.48       	4.23308e-07
51.52       	4.26076e-07
51.56       	4.28106e-07
51.6        	4.29412e-07
51.64       	4.30004e-07
51.68       	4.29896e-07
51.72       	4.29102e-07
51.76       	4.27638e-07
51.8        	4.25519e-07
51.84       	4.22761e-07
51.88       	4.19382e-07
51.92       	4.154e-07
51.96       	4.10833e-07
52          	4.05699e-07
52.04       	4.0002e-07
52.08       	3.93814e-07
52.12       	3.87101e-07
52.16       	3.79904e-07
52.2        	3.72243e-07
52.24       	3.64139e-07
52.28       	3.55615e-07
52.32       	3.46693e-07
52.36       	3.37394e-07
52.4        	3.27741e-07
52.44       	3.17757e-07
52.48       	3.07464e-07
52.52       	2.96886e-07
52.56       	2.86043e-07
52.6        	2.7496e-07
52.64       	2.63659e-07
52.68       	2.52161e-07
52.72       	2.40491e-07
52.76       	2.28669e-07
52.8        	2.16717e-07
52.84       	2.04658e-07
52.88       	1.92512e-07
52.92       	1.80302e-07
52.96       	1.68047e-07
53          	1.55768e-07
53.04       	1.43486e-07
53.08       	1.3122e-07
53.12       	1.18989e-07
53.16       	1.06812e-07
53.2        	9.4708e-08
53.24       	8.26946e-08
53.28       	7.0789e-08
53.32       	5.90084e-08
53.36       	4.73689e-08
53.4        	3.58865e-08
53.44       	2.45762e-08
53.48       	1.34529e-08
53.52       	2.53046e-09
53.56       	-8.17754e-09
53.6        	-1.86583e-08
53.64       	-2.88996e-08
53.68       	-3.88898e-08
53.72       	-4.8618e-08
53.76       	-5.80739e-08
53.8        	-6.72477e-08
53.84       	-7.61304e-08
53.88       	-8.47137e-08
53.92       	-9.29898e-08
53.96       	-1.00952e-07
54          	-1.08593e-07
54.04       	-1.15907e-07
54.08       	-1.2289e-07
54.12       	-1.29536e-07
54.16       	-1.35842e-07
54.2        	-1.41805e-07
54.24       	-1.47422e-07
54.28       	-1.5269e-07
54.32       	-1.57609e-07
54.36       	-1.62177e-07
54.4        	-1.66394e-07
54.44       	-1.70261e-07
54.48       	-1.73778e-07
54.52       	-1.76947e-07
54.56       	-1.79769e-07
54.6        	-1.82247e-07
54.64       	-1.84384e-07
54.68       	-1.86183e-07
54.72       	-1.87648e-07
54.76       	-1.88784e-07
54.8        	-1.89595e-07
54.84       	-1.90086e-07
54.88       	-1.90264e-07
54.92       	-1.90133e-07
54.96       	-1.89701e-07
55          	-1.88974e-07
55.04       	-1.87959e-07
55.08       	-1.86664e-07
55.12       	-1.85096e-07
55.16       	-1.83263e-07
55.2        	-1.81174e-07
55.24       	-1.78836e-07
55.28       	-1.76259e-07
55.32       	-1.73452e-07
55.36       	-1.70423e-07
55.4        	-1.67183e-07
55.44       	-1.63739e-07
55.48       	-1.60102e-07
55.52       	-1.56282e-07
55.56       	-1.52289e-07
55.6        	-1.48131e-07
55.64       	-1.4382e-07
55.68       	-1.39365e-07
55.72       	-1.34776e-07
55.76       	-1.30063e-07
55.8        	-1.25236e-07
55.84       	-1.20305e-07
55.88       	-1.15281e-07
55.92       	-1.10172e-07
55.96       	-1.04989e-07
56          	-9.97426e-08
56.04       	-9.4441e-08
56.08       	-8.90944e-08
56.12       	-8.37121e-08
56.16       	-7.83035e-08
56.2        	-7.28779e-08
56.24       	-6.74441e-08
56.28       	-6.20111e-08
56.32       	-5.65875e-08
56.36       	-5.11819e-08
56.4        	-4.58025e-08
56.44       	-4.04574e-08
56.48       	-3.51545e-08
56.52       	-2.99014e-08
56.56       	-2.47055e-08
56.6        	-1.9574e-08
56.64       	-1.45138e-08
56.68       	-9.53155e-09
56.72       	-4.63373e-09
56.76       	1.73549e-10
56.8        	4.8844e-09
56.84       	9.49323e-09
56.88       	1.39947e-08
56.92       	1.83837e-08
56.96       	2.26556e-08
57          	2.68057e-08
57.04       	3.083e-08
57.08       	3.47244e-08
57.12       	3.84854e-08
57.16       	4.21096e-08
57.2        	4.5594e-08
57.24       	4.89357e-08
57.28       	5.21323e-08
57.32       	5.51815e-08
57.36       	5.80815e-08
57.4        	6.08305e-08
57.44       	6.34272e-08
57.48       	6.58705e-08
57.52       	6.81596e-08
57.56       	7.02938e-08
57.6        	7.22728e-08
57.64       	7.40967e-08
57.68       	7.57655e-08
57.72       	7.72797e-08
57.76       	7.864e-08
57.8        	7.98472e-08
57.84       	8.09025e-08
57.88       	8.18073e-08
57.92       	8.25631e-08
57.96       	8.31717e-08
58          	8.36351e-08
58.04       	8.39553e-08
58.08       	8.41348e-08
58.12       	8.41762e-08
58.16       	8.4082e-08
58.2        	8.38551e-08
58.24       	8.34987e-08
58.28       	8.30157e-08
58.32       	8.24096e-08
58.36       	8.16838e-08
58.4        	8.08418e-08
58.44       	7.98872e-08
58.48       	7.8824e-08
58.52       	7.76559e-08
58.56       	7.63869e-08
58.6        	7.50211e-08
58.64       	7.35625e-08
58.68       	7.20154e-08
58.72       	7.03841e-08
58.76       	6.86727e-08
58.8        	6.68857e-08
58.84       	6.50275e-08
58.88       	6.31023e-08
58.92       	6.11147e-08
58.96       	5.90691e-08
59          	5.69698e-08
59.04       	5.48214e-08
59.08       	5.26283e-08
59.12       	5.03948e-08
59.16       	4.81253e-08
59.2        	4.58242e-08
59.24       	4.34959e-08
59.28       	4.11445e-08
59.32       	3.87743e-08
59.36       	3.63894e-08
59.4        	3.39941e-08
59.44       	3.15922e-08
59.48       	2.91879e-08
59.52       	2.67849e-08
59.56       	2.43872e-08
59.6        	2.19983e-08
59.64       	1.96221e-08
59.68       	1.7262e-08
59.72       	1.49214e-08
59.76       	1.26038e-08
59.8        	1.03124e-08
59.84       	8.05034e-09
59.88       	5.82062e-09
59.92       	3.62617e-09
59.96       	1.46982e-09
