0           	0.1
0.04        	0.0784304
0.08        	0.0556298
0.12        	0.0319559
0.16        	0.00778056
0.2         	-0.016517
0.24        	-0.0405552
0.28        	-0.0639569
0.32        	-0.0863548
0.36        	-0.107397
0.4         	-0.126754
0.44        	-0.144121
0.48        	-0.159226
0.52        	-0.171832
0.56        	-0.181741
0.6         	-0.188797
0.64        	-0.19289
0.68        	-0.193955
0.72        	-0.191976
0.76        	-0.186983
0.8         	-0.179056
0.84        	-0.168318
0.88        	-0.154939
0.92        	-0.139127
0.96        	-0.121132
1           	-0.101235
1.04        	-0.0797498
1.08        	-0.0570125
1.12        	-0.0333803
1.16        	-0.00922413
1.2         	0.0150768
1.24        	0.0391411
1.28        	0.062591
1.32        	0.0850585
1.36        	0.106191
1.4         	0.125657
1.44        	0.14315
1.48        	0.158396
1.52        	0.171157
1.56        	0.18123
1.6         	0.18846
1.64        	0.192731
1.68        	0.193977
1.72        	0.192178
1.76        	0.187363
1.8         	0.179607
1.84        	0.169032
1.88        	0.155804
1.92        	0.14013
1.96        	0.122257
2           	0.102465
2.04        	0.0810648
2.08        	0.058392
2.12        	0.0348027
2.16        	0.0106672
2.2         	-0.0136358
2.24        	-0.0377247
2.28        	-0.0612216
2.32        	-0.0837575
2.36        	-0.104979
2.4         	-0.124552
2.44        	-0.142171
2.48        	-0.157558
2.52        	-0.170472
2.56        	-0.18071
2.6         	-0.188112
2.64        	-0.192561
2.68        	-0.193988
2.72        	-0.19237
2.76        	-0.187732
2.8         	-0.180148
2.84        	-0.169736
2.88        	-0.156661
2.92        	-0.141126
2.96        	-0.123376
3           	-0.103689
3.04        	-0.0823753
3.08        	-0.0597684
3.12        	-0.0362233
3.16        	-0.0121097
3.2         	0.012194
3.24        	0.0363063
3.28        	0.0598488
3.32        	0.0824518
3.36        	0.103761
3.4         	0.123441
3.44        	0.141184
3.48        	0.15671
3.52        	0.169777
3.56        	0.18018
3.6         	0.187754
3.64        	0.192381
3.68        	0.193988
3.72        	0.192551
3.76        	0.188091
3.8         	0.180679
3.84        	0.170431
3.88        	0.157508
3.92        	0.142113
3.96        	0.124487
4           	0.104908
4.04        	0.0836812
4.08        	0.0611414
4.12        	0.0376418
4.16        	0.0135515
4.2         	-0.0107516
4.24        	-0.0348859
4.28        	-0.0584726
4.32        	-0.0811416
4.36        	-0.102537
4.4         	-0.122323
4.44        	-0.140189
4.48        	-0.155854
4.52        	-0.169074
4.56        	-0.179639
4.6         	-0.187385
4.64        	-0.19219
4.68        	-0.193978
4.72        	-0.192721
4.76        	-0.18844
4.8         	-0.1812
4.84        	-0.171117
4.88        	-0.158348
4.92        	-0.143093
4.96        	-0.125592
5           	-0.10612
5.04        	-0.0849825
5.08        	-0.062511
5.12        	-0.0390583
5.16        	-0.0149925
5.2         	0.00930857
5.24        	0.0334635
5.28        	0.0570933
5.32        	0.0798269
5.36        	0.101307
5.4         	0.121198
5.44        	0.139186
5.48        	0.15499
5.52        	0.168361
5.56        	0.179089
5.6         	0.187006
5.64        	0.191988
5.68        	0.193956
5.72        	0.192881
5.76        	0.188777
5.8         	0.181711
5.84        	0.171793
5.88        	0.159178
5.92        	0.144064
5.96        	0.12669
6           	0.107327
6.04        	0.0862791
6.08        	0.0638771
6.12        	0.0404725
6.16        	0.0164327
6.2         	-0.00786502
6.24        	-0.0320393
6.28        	-0.0557107
6.32        	-0.0785077
6.36        	-0.100072
6.4         	-0.120066
6.44        	-0.138176
6.48        	-0.154116
6.52        	-0.167638
6.56        	-0.178528
6.6         	-0.186617
6.64        	-0.191776
6.68        	-0.193925
6.72        	-0.19303
6.76        	-0.189105
6.8         	-0.182212
6.84        	-0.172459
6.88        	-0.159999
6.92        	-0.145028
6.96        	-0.127781
7           	-0.108527
7.04        	-0.0875708
7.08        	-0.0652397
7.12        	-0.0418846
7.16        	-0.017872
7.2         	0.00642104
7.24        	0.0306133
7.28        	0.0543251
7.32        	0.0771842
7.36        	0.0988318
7.4         	0.118928
7.44        	0.137158
7.48        	0.153235
7.52        	0.166906
7.56        	0.177958
7.6         	0.186217
7.64        	0.191553
7.68        	0.193882
7.72        	0.193168
7.76        	0.189422
7.8         	0.182703
7.84        	0.173116
7.88        	0.160812
7.92        	0.145984
7.96        	0.128864
8           	0.109722
8.04        	0.0888578
8.08        	0.0665987
8.12        	0.0432943
8.16        	0.0193103
8.2         	-0.0049767
8.24        	-0.0291856
8.28        	-0.0529365
8.32        	-0.0758564
8.36        	-0.0975857
8.4         	-0.117783
8.44        	-0.136132
8.48        	-0.152344
8.52        	-0.166165
8.56        	-0.177378
8.6         	-0.185807
8.64        	-0.191319
8.68        	-0.193828
8.72        	-0.193295
8.76        	-0.189728
8.8         	-0.183183
8.84        	-0.173763
8.88        	-0.161616
8.92        	-0.146931
8.96        	-0.129941
9           	-0.110911
9.04        	-0.0901397
9.08        	-0.067954
9.12        	-0.0447016
9.16        	-0.0207476
9.2         	0.00353209
9.24        	0.0277563
9.28        	0.0515449
9.32        	0.0745244
9.36        	0.0963342
9.4         	0.116632
9.44        	0.135099
9.48        	0.151446
9.52        	0.165415
9.56        	0.176788
9.6         	0.185386
9.64        	0.191075
9.68        	0.193764
9.72        	0.193412
9.76        	0.190024
9.8         	0.183654
9.84        	0.174401
9.88        	0.16241
9.92        	0.147871
9.96        	0.13101
10          	0.112093
10.04       	0.0914167
10.08       	0.0693055
10.12       	0.0461064
10.16       	0.0221837
10.2        	-0.00208727
10.24       	-0.0263255
10.28       	-0.0501504
10.32       	-0.0731883
10.36       	-0.0950773
10.4        	-0.115474
10.44       	-0.134058
10.48       	-0.150538
10.52       	-0.164656
10.56       	-0.176188
10.6        	-0.184956
10.64       	-0.19082
10.68       	-0.193689
10.72       	-0.193518
10.76       	-0.19031
10.8        	-0.184114
10.84       	-0.175029
10.88       	-0.163196
10.92       	-0.148802
10.96       	-0.132072
11          	-0.113269
11.04       	-0.0926886
11.08       	-0.0706532
11.12       	-0.0475087
11.16       	-0.0236185
11.2        	0.000642348
11.24       	0.0248931
11.28       	0.0487532
11.32       	0.0718481
11.36       	0.0938152
11.4        	0.11431
11.44       	0.13301
11.48       	0.149623
11.52       	0.163887
11.56       	0.175579
11.6        	0.184515
11.64       	0.190554
11.68       	0.193603
11.72       	0.193613
11.76       	0.190584
11.8        	0.184564
11.84       	0.175647
11.88       	0.163973
11.92       	0.149725
11.96       	0.133127
12          	0.114439
12.04       	0.0939554
12.08       	0.0719969
12.12       	0.0489083
12.16       	0.0250521
12.2        	0.000802615
12.24       	-0.0234594
12.28       	-0.0473533
12.32       	-0.0705039
12.36       	-0.0925478
12.4        	-0.113139
12.44       	-0.131955
12.48       	-0.148699
12.52       	-0.163109
12.56       	-0.17496
12.6        	-0.184064
12.64       	-0.190278
12.68       	-0.193507
12.72       	-0.193698
12.76       	-0.190849
12.8        	-0.185004
12.84       	-0.176255
12.88       	-0.16474
12.92       	-0.150639
12.96       	-0.134174
13          	-0.115603
13.04       	-0.095217
13.08       	-0.0733367
13.12       	-0.0503052
13.16       	-0.0264842
13.2        	-0.00224753
13.24       	0.0220244
13.28       	0.0459507
13.32       	0.0691558
13.36       	0.0912753
13.4        	0.111962
13.44       	0.130892
13.48       	0.147767
13.52       	0.162323
13.56       	0.174331
13.6        	0.183602
13.64       	0.189992
13.68       	0.1934
13.72       	0.193772
13.76       	0.191102
13.8        	0.185433
13.84       	0.176854
13.88       	0.165499
13.92       	0.151546
13.96       	0.135214
14          	0.11676
14.04       	0.0964733
14.08       	0.0746723
14.12       	0.0516994
14.16       	0.0279149
14.2        	0.00369233
14.24       	-0.0205882
14.28       	-0.0445456
14.32       	-0.0678038
14.36       	-0.0899978
14.4        	-0.110779
14.44       	-0.129822
14.48       	-0.146827
14.52       	-0.161527
14.56       	-0.173692
14.6        	-0.183131
14.64       	-0.189695
14.68       	-0.193282
14.72       	-0.193835
14.76       	-0.191345
14.8        	-0.185853
14.84       	-0.177443
14.88       	-0.166248
14.92       	-0.152443
14.96       	-0.136246
15          	-0.117911
15.04       	-0.0977242
15.08       	-0.0760039
15.12       	-0.0530906
15.16       	-0.0293441
15.2        	-0.00513691
15.24       	0.0191509
15.28       	0.043138
15.32       	0.0664481
15.36       	0.0887153
15.4        	0.10959
15.44       	0.128744
15.48       	0.145878
15.52       	0.160722
15.56       	0.173044
15.6        	0.182649
15.64       	0.189387
15.68       	0.193153
15.72       	0.193887
15.76       	0.191578
15.8        	0.186262
15.84       	0.178022
15.88       	0.166988
15.92       	0.153333
15.96       	0.137271
16          	0.119055
16.04       	0.0989697
16.08       	0.0773312
16.12       	0.0544789
16.16       	0.0307716
16.2        	0.00658122
16.24       	-0.0177124
16.28       	-0.0417281
16.32       	-0.0650888
16.36       	-0.0874278
16.4        	-0.108395
16.44       	-0.12766
16.48       	-0.144922
16.52       	-0.159909
16.56       	-0.172386
16.6        	-0.182157
16.64       	-0.189069
16.68       	-0.193014
16.72       	-0.193929
16.76       	-0.1918
16.8        	-0.18666
16.84       	-0.178591
16.88       	-0.167719
16.92       	-0.154214
16.96       	-0.138288
17          	-0.120192
17.04       	-0.10021
17.08       	-0.0786542
17.12       	-0.0558642
17.16       	-0.0321974
17.2        	-0.00802516
17.24       	0.016273
17.28       	0.0403158
17.32       	0.0637258
17.36       	0.0861355
17.4        	0.107193
17.44       	0.126568
17.48       	0.143957
17.52       	0.159086
17.56       	0.171718
17.6        	0.181655
17.64       	0.18874
17.68       	0.192864
17.72       	0.193959
17.76       	0.192011
17.8        	0.187049
17.84       	0.17915
17.88       	0.16844
17.92       	0.155086
17.96       	0.139298
18          	0.121323
18.04       	0.101444
18.08       	0.0799729
18.12       	0.0572464
18.16       	0.0336214
18.2        	0.00946865
18.24       	-0.0148327
18.28       	-0.0389013
18.32       	-0.0623592
18.36       	-0.0848384
18.4        	-0.105986
18.44       	-0.12547
18.48       	-0.142985
18.52       	-0.158255
18.56       	-0.171041
18.6        	-0.181143
18.64       	-0.188401
18.68       	-0.192703
18.72       	-0.193979
18.76       	-0.192211
18.8        	-0.187426
18.84       	-0.1797
18.88       	-0.169152
18.92       	-0.15595
18.96       	-0.1403
19          	-0.122447
19.04       	-0.102673
19.08       	-0.0812871
19.12       	-0.0586254
19.16       	-0.0350435
19.2        	-0.0109116
19.24       	0.0133916
19.28       	0.0374846
19.32       	0.0609892
19.36       	0.0835366
19.4        	0.104773
19.44       	0.124364
19.48       	0.142004
19.52       	0.157415
19.56       	0.170355
19.6        	0.180621
19.64       	0.188052
19.68       	0.192531
19.72       	0.193989
19.76       	0.192401
19.8        	0.187794
19.84       	0.180239
19.88       	0.169855
19.92       	0.156805
19.96       	0.141294
20          	0.123565
20.04       	0.103896
20.08       	0.0825969
20.12       	0.0600012
20.16       	0.0364638
20.2        	0.012354
20.24       	-0.0119497
20.28       	-0.0360658
20.32       	-0.0596159
20.36       	-0.0822302
20.4        	-0.103554
20.44       	-0.123252
20.48       	-0.141016
20.52       	-0.156566
20.56       	-0.169659
20.6        	-0.180089
20.64       	-0.187692
20.68       	-0.192349
20.72       	-0.193987
20.76       	-0.19258
20.8        	-0.188151
20.84       	-0.180768
20.88       	-0.170548
20.92       	-0.157651
20.96       	-0.14228
21          	-0.124675
21.04       	-0.105113
21.08       	-0.083902
21.12       	-0.0613736
21.16       	-0.0378819
21.2        	-0.0137957
21.24       	0.0105072
21.28       	0.0346451
21.32       	0.0582392
21.36       	0.0809192
21.4        	0.102329
21.44       	0.122133
21.48       	0.14002
21.52       	0.155708
21.56       	0.168953
21.6        	0.179547
21.64       	0.187321
21.68       	0.192156
21.72       	0.193975
21.76       	0.192749
21.8        	0.188498
21.84       	0.181287
21.88       	0.171232
21.92       	0.158489
21.96       	0.143258
22          	0.125779
22.04       	0.106325
22.08       	0.0852025
22.12       	0.0627427
22.16       	0.039298
22.2        	0.0152366
22.24       	-0.00906404
22.28       	-0.0332224
22.32       	-0.0568593
22.36       	-0.0796037
22.4        	-0.101099
22.44       	-0.121007
22.48       	-0.139016
22.52       	-0.154842
22.56       	-0.168239
22.6        	-0.178994
22.64       	-0.186941
22.68       	-0.191953
22.72       	-0.193952
22.76       	-0.192907
22.8        	-0.188834
22.84       	-0.181797
22.88       	-0.171906
22.92       	-0.159318
22.96       	-0.144228
23          	-0.126875
23.04       	-0.107531
23.08       	-0.0864982
23.12       	-0.0641082
23.16       	-0.0407119
23.2        	-0.0166766
23.24       	0.00762042
23.28       	0.0317979
23.32       	0.0554762
23.36       	0.0782838
23.4        	0.0998626
23.44       	0.119874
23.48       	0.138004
23.52       	0.153968
23.56       	0.167515
23.6        	0.178432
23.64       	0.18655
23.68       	0.191739
23.72       	0.193918
23.76       	0.193054
23.8        	0.189159
23.84       	0.182296
23.88       	0.172571
23.92       	0.160138
23.96       	0.145191
24          	0.127965
24.04       	0.10873
24.08       	0.0877892
24.12       	0.0654702
24.16       	0.0421236
24.2        	0.0181158
24.24       	-0.00617637
24.28       	-0.0303716
24.32       	-0.0540901
24.36       	-0.0769595
24.4        	-0.0986211
24.44       	-0.118735
24.48       	-0.136985
24.52       	-0.153084
24.56       	-0.166781
24.6        	-0.177861
24.64       	-0.186148
24.68       	-0.191514
24.72       	-0.193873
24.76       	-0.19319
24.8        	-0.189475
24.84       	-0.182785
24.88       	-0.173226
24.92       	-0.160949
24.96       	-0.146145
25          	-0.129047
25.04       	-0.109924
25.08       	-0.0890753
25.12       	-0.0668286
25.16       	-0.0435329
25.2        	-0.0195539
25.24       	0.00473198
25.28       	0.0289436
25.32       	0.0527009
25.36       	0.075631
25.4        	0.097374
25.44       	0.117589
25.48       	0.135958
25.52       	0.152193
25.56       	0.166039
25.6        	0.177279
25.64       	0.185736
25.68       	0.191278
25.72       	0.193818
25.76       	0.193316
25.8        	0.189779
25.84       	0.183264
25.88       	0.173872
25.92       	0.161751
25.96       	0.147091
26          	0.130122
26.04       	0.111111
26.08       	0.0903564
26.12       	0.0681832
26.16       	0.0449398
26.2        	0.020991
26.24       	-0.00328732
26.28       	-0.027514
26.32       	-0.0513088
26.36       	-0.0742983
26.4        	-0.0961216
26.44       	-0.116436
26.48       	-0.134923
26.52       	-0.151292
26.56       	-0.165287
26.6        	-0.176687
26.64       	-0.185314
26.68       	-0.191032
26.72       	-0.193752
26.76       	-0.193431
26.8        	-0.190073
26.84       	-0.183733
26.88       	-0.174508
26.92       	-0.162544
26.96       	-0.148029
27          	-0.13119
27.04       	-0.112293
27.08       	-0.0916326
27.12       	-0.0695341
27.16       	-0.0463442
27.2        	-0.0224268
27.24       	0.00184249
27.28       	0.0260829
27.32       	0.0499139
27.36       	0.0729615
27.4        	0.0948639
27.44       	0.115277
27.48       	0.133881
27.52       	0.150384
27.56       	0.164526
27.6        	0.176086
27.64       	0.184882
27.68       	0.190776
27.72       	0.193675
27.76       	0.193535
27.8        	0.190357
27.84       	0.184191
27.88       	0.175134
27.92       	0.163328
27.96       	0.148959
28          	0.132251
28.04       	0.113468
28.08       	0.0929036
28.12       	0.0708811
28.16       	0.047746
28.2        	0.0238615
28.24       	-0.000397549
28.28       	-0.0246503
28.32       	-0.0485162
28.36       	-0.0716206
28.4        	-0.0936008
28.44       	-0.114112
28.48       	-0.132832
28.52       	-0.149467
28.56       	-0.163756
28.6        	-0.175475
28.64       	-0.184439
28.68       	-0.190508
28.72       	-0.193588
28.76       	-0.193628
28.8        	-0.19063
28.84       	-0.184639
28.88       	-0.175751
28.92       	-0.164103
28.96       	-0.14988
29          	-0.133305
29.04       	-0.114637
29.08       	-0.0941695
29.12       	-0.0722242
29.16       	-0.0491452
29.2        	-0.0252948
29.24       	-0.00104741
29.28       	0.0232164
29.32       	0.0471159
29.36       	0.0702758
29.4        	0.0923326
29.44       	0.11294
29.48       	0.131775
29.52       	0.148542
29.56       	0.162977
29.6        	0.174854
29.64       	0.183986
29.68       	0.190231
29.72       	0.193489
29.76       	0.193711
29.8        	0.190892
29.84       	0.185077
29.88       	0.176357
29.92       	0.164869
29.96       	0.150793
30          	0.134351
30.04       	0.115799
30.08       	0.0954302
30.12       	0.0735632
30.16       	0.0505416
30.2        	0.0267267
30.24       	0.00249231
30.28       	-0.0217812
30.32       	-0.0457129
30.36       	-0.068927
30.4        	-0.0910593
30.44       	-0.111762
30.48       	-0.130711
30.52       	-0.147608
30.56       	-0.162188
30.6        	-0.174223
30.64       	-0.183523
30.68       	-0.189942
30.72       	-0.19338
30.76       	-0.193783
30.8        	-0.191144
30.84       	-0.185505
30.88       	-0.176954
30.92       	-0.165626
30.96       	-0.151698
31          	-0.135389
31.04       	-0.116955
31.08       	-0.0966856
31.12       	-0.0748982
31.16       	-0.0519353
31.2        	-0.0281572
31.24       	-0.00393708
31.28       	0.0203448
31.32       	0.0443073
31.36       	0.0675744
31.4        	0.0897809
31.44       	0.110578
31.48       	0.12964
31.52       	0.146666
31.56       	0.161391
31.6        	0.173583
31.64       	0.18305
31.68       	0.189643
31.72       	0.193261
31.76       	0.193844
31.8        	0.191386
31.84       	0.185923
31.88       	0.177542
31.92       	0.166374
31.96       	0.152595
32          	0.13642
32.04       	0.118105
32.08       	0.0979356
32.12       	0.076229
32.16       	0.053326
32.2        	0.029586
32.24       	0.00538162
32.28       	-0.0189072
32.32       	-0.0428993
32.36       	-0.0662181
32.4        	-0.0884975
32.44       	-0.109388
32.48       	-0.128561
32.52       	-0.145717
32.56       	-0.160585
32.6        	-0.172933
32.64       	-0.182566
32.68       	-0.189334
32.72       	-0.19313
32.76       	-0.193895
32.8        	-0.191616
32.84       	-0.18633
32.88       	-0.178119
32.92       	-0.167112
32.96       	-0.153483
33          	-0.137444
33.04       	-0.119248
33.08       	-0.0991801
33.12       	-0.0775557
33.16       	-0.0547138
33.2        	-0.0310133
33.24       	-0.00682587
33.28       	0.0174686
33.32       	0.041489
33.36       	0.0648581
33.4        	0.0872092
33.44       	0.108191
33.48       	0.127476
33.52       	0.144759
33.56       	0.15977
33.6        	0.172273
33.64       	0.182073
33.68       	0.189014
33.72       	0.192989
33.76       	0.193935
33.8        	0.191836
33.84       	0.186727
33.88       	0.178686
33.92       	0.167842
33.96       	0.154362
34          	0.13846
34.04       	0.120384
34.08       	0.100419
34.12       	0.078878
34.16       	0.0560986
34.2        	0.0324388
34.24       	0.00826974
34.28       	-0.0160291
34.32       	-0.0400763
34.36       	-0.0634945
34.4        	-0.0859161
34.44       	-0.106989
34.48       	-0.126383
34.52       	-0.143793
34.56       	-0.158946
34.6        	-0.171604
34.64       	-0.181569
34.68       	-0.188684
34.72       	-0.192837
34.76       	-0.193964
34.8        	-0.192046
34.84       	-0.187113
34.88       	-0.179244
34.92       	-0.168561
34.96       	-0.155233
35          	-0.139468
35.04       	-0.121514
35.08       	-0.101653
35.12       	-0.0801959
35.16       	-0.0574803
35.2        	-0.0338625
35.24       	-0.00971315
35.28       	0.0145886
35.32       	0.0386614
35.36       	0.0621274
35.4        	0.0846182
35.44       	0.105781
35.48       	0.125283
35.52       	0.142819
35.56       	0.158113
35.6        	0.170926
35.64       	0.181055
35.68       	0.188343
35.72       	0.192674
35.76       	0.193982
35.8        	0.192244
35.84       	0.187489
35.88       	0.179792
35.92       	0.169272
35.96       	0.156095
36          	0.140469
36.04       	0.122637
36.08       	0.102881
36.12       	0.0815093
36.16       	0.0588587
36.2        	0.0352843
36.24       	0.011156
36.28       	-0.0131474
36.32       	-0.0372444
36.36       	-0.0607568
36.4        	-0.0833156
36.44       	-0.104567
36.48       	-0.124176
36.52       	-0.141837
36.56       	-0.157272
36.6        	-0.170238
36.64       	-0.180531
36.68       	-0.187992
36.72       	-0.192501
36.76       	-0.193989
36.8        	-0.192432
36.84       	-0.187855
36.88       	-0.180329
36.92       	-0.169973
36.96       	-0.156949
37          	-0.141461
37.04       	-0.123753
37.08       	-0.104103
37.12       	-0.0828183
37.16       	-0.0602339
37.2        	-0.0367042
37.24       	-0.0125983
37.28       	0.0117054
37.32       	0.0358253
37.36       	0.0593829
37.4        	0.0820084
37.44       	0.103347
37.48       	0.123063
37.52       	0.140847
37.56       	0.156421
37.6        	0.16954
37.64       	0.179998
37.68       	0.18763
37.72       	0.192317
37.76       	0.193986
37.8        	0.19261
37.84       	0.18821
37.88       	0.180857
37.92       	0.170665
37.96       	0.157794
38          	0.142446
38.04       	0.124862
38.08       	0.105319
38.12       	0.0841227
38.16       	0.0616058
38.2        	0.038122
38.24       	0.0140398
38.28       	-0.0102627
38.32       	-0.0344042
38.36       	-0.0580056
38.4        	-0.0806966
38.44       	-0.102121
38.48       	-0.121942
38.52       	-0.13985
38.56       	-0.155562
38.6        	-0.168833
38.64       	-0.179454
38.68       	-0.187258
38.72       	-0.192122
38.76       	-0.193972
38.8        	-0.192776
38.84       	-0.188555
38.88       	-0.181374
38.92       	-0.171347
38.96       	-0.15863
39          	-0.143423
39.04       	-0.125965
39.08       	-0.10653
39.12       	-0.0854223
39.16       	-0.0629743
39.2        	-0.0395377
39.24       	-0.0154806
39.28       	0.0088195
39.32       	0.0329812
39.36       	0.0566252
39.4        	0.0793804
39.44       	0.10089
39.48       	0.120815
39.52       	0.138845
39.56       	0.154695
39.6        	0.168117
39.64       	0.1789
39.68       	0.186875
39.72       	0.191917
39.76       	0.193947
39.8        	0.192932
39.84       	0.18889
39.88       	0.181882
39.92       	0.17202
39.96       	0.159457
40          	0.144392
40.04       	0.12706
40.08       	0.107734
40.12       	0.0867173
40.16       	0.0643392
40.2        	0.0409512
40.24       	0.0169205
40.28       	-0.0073758
40.32       	-0.0315563
40.36       	-0.0552416
40.4        	-0.0780597
40.44       	-0.0996527
40.48       	-0.119681
40.52       	-0.137832
40.56       	-0.153819
40.6        	-0.167391
40.64       	-0.178336
40.68       	-0.186482
40.72       	-0.191701
40.76       	-0.193911
40.8        	-0.193078
40.84       	-0.189213
40.88       	-0.182379
40.92       	-0.172683
40.96       	-0.160276
41          	-0.145353
41.04       	-0.128149
41.08       	-0.108933
41.12       	-0.0880074
41.16       	-0.0657006
41.2        	-0.0423625
41.24       	-0.0183595
41.28       	0.00593169
41.32       	0.0301298
41.36       	0.0538549
41.4        	0.0767348
41.44       	0.0984102
41.48       	0.118541
41.52       	0.136811
41.56       	0.152934
41.6        	0.166656
41.64       	0.177763
41.68       	0.186079
41.72       	0.191475
41.76       	0.193865
41.8        	0.193212
41.84       	0.189527
41.88       	0.182867
41.92       	0.173336
41.96       	0.161085
42          	0.146306
42.04       	0.12923
42.08       	0.110126
42.12       	0.0892927
42.16       	0.0670583
42.2        	0.0437714
42.24       	0.0197974
42.28       	-0.00448725
42.32       	-0.0287015
42.36       	-0.0524653
42.4        	-0.0754055
42.44       	-0.0971622
42.48       	-0.117394
42.52       	-0.135783
42.56       	-0.152041
42.6        	-0.165912
42.64       	-0.177179
42.68       	-0.185665
42.72       	-0.191237
42.76       	-0.193808
42.8        	-0.193336
42.84       	-0.18983
42.88       	-0.183344
42.92       	-0.17398
42.96       	-0.161886
43          	-0.147251
43.04       	-0.130304
43.08       	-0.111312
43.12       	-0.090573
43.16       	-0.0684123
43.2        	-0.0451779
43.24       	-0.0212343
43.28       	0.00304256
43.32       	0.0272717
43.36       	0.0510727
43.4        	0.0740721
43.44       	0.0959089
43.48       	0.11624
43.52       	0.134747
43.56       	0.151139
43.6        	0.165159
43.64       	0.176586
43.68       	0.185242
43.72       	0.19099
43.76       	0.19374
43.8        	0.193449
43.84       	0.190122
43.88       	0.183811
43.92       	0.174615
43.96       	0.162678
44          	0.148187
44.04       	0.131371
44.08       	0.112492
44.12       	0.0918483
44.16       	0.0697626
44.2        	0.0465818
44.24       	0.02267
44.28       	-0.0015977
44.32       	-0.0258403
44.36       	-0.0496773
44.4        	-0.0727346
44.44       	-0.0946502
44.48       	-0.11508
44.52       	-0.133704
44.56       	-0.150229
44.6        	-0.164396
44.64       	-0.175983
44.68       	-0.184807
44.72       	-0.190731
44.76       	-0.193661
44.8        	-0.193552
44.84       	-0.190404
44.88       	-0.184268
44.92       	-0.175239
44.96       	-0.16346
45          	-0.149115
45.04       	-0.13243
45.08       	-0.113666
45.12       	-0.0931184
45.16       	-0.0711089
45.2        	-0.0479832
45.24       	-0.0241044
45.28       	0.000152749
45.32       	0.0244075
45.36       	0.0482792
45.4        	0.071393
45.44       	0.0933863
45.48       	0.113914
45.52       	0.132653
45.56       	0.149311
45.6        	0.163625
45.64       	0.17537
45.68       	0.184363
45.72       	0.190462
45.76       	0.193572
45.8        	0.193643
45.84       	0.190675
45.88       	0.184714
45.92       	0.175854
45.96       	0.164234
46          	0.150036
46.04       	0.133482
46.08       	0.114834
46.12       	0.0943835
46.16       	0.0724513
46.2        	0.0493819
46.24       	0.0255375
46.28       	0.00129221
46.32       	-0.0229734
46.36       	-0.0468783
46.4        	-0.0700475
46.44       	-0.0921172
46.48       	-0.112741
46.52       	-0.131595
46.56       	-0.148384
46.6        	-0.162844
46.64       	-0.174747
46.68       	-0.183908
46.72       	-0.190183
46.76       	-0.193472
46.8        	-0.193724
46.84       	-0.190936
46.88       	-0.185151
46.92       	-0.176459
46.96       	-0.164998
47          	-0.150947
47.04       	-0.134527
47.08       	-0.115996
47.12       	-0.0956432
47.16       	-0.0737897
47.2        	-0.0507779
47.24       	-0.0269692
47.28       	-0.00273709
47.32       	0.0215379
47.36       	0.0454749
47.4        	0.0686981
47.44       	0.090843
47.48       	0.111562
47.52       	0.13053
47.56       	0.147449
47.6        	0.162054
47.64       	0.174115
47.68       	0.183443
47.72       	0.189892
47.76       	0.193361
47.8        	0.193794
47.84       	0.191186
47.88       	0.185577
47.92       	0.177055
47.96       	0.165754
48          	0.151851
48.04       	0.135565
48.08       	0.117151
48.12       	0.0968977
48.16       	0.075124
48.2        	0.0521711
48.24       	0.0283993
48.28       	0.00418183
48.32       	-0.0201013
48.36       	-0.044069
48.4        	-0.0673449
48.44       	-0.0895638
48.48       	-0.110377
48.52       	-0.129458
48.56       	-0.146506
48.6        	-0.161255
48.64       	-0.173473
48.68       	-0.182968
48.72       	-0.189592
48.76       	-0.193239
48.8        	-0.193854
48.84       	-0.191425
48.88       	-0.185992
48.92       	-0.17764
48.96       	-0.1665
49          	-0.152746
49.04       	-0.136594
49.08       	-0.118299
49.12       	-0.0981468
49.16       	-0.0764541
49.2        	-0.0535614
49.24       	-0.0298279
49.28       	-0.00562633
49.32       	0.0186636
49.36       	0.0426606
49.4        	0.0659879
49.44       	0.0882796
49.48       	0.109186
49.52       	0.128378
49.56       	0.145555
49.6        	0.160448
49.64       	0.172822
49.68       	0.182483
49.72       	0.189281
49.76       	0.193107
49.8        	0.193902
49.84       	0.191654
49.88       	0.186398
49.92       	0.178216
49.96       	0.167237
50          	0.153632
50.04       	0.137617
50.08       	0.119441
50.12       	0.0993905
50.16       	0.07778
50.2        	0.0549487
50.24       	0.0312549
50.28       	0.00707051
50.32       	-0.0172248
50.36       	-0.0412498
50.4        	-0.0646273
50.44       	-0.0869905
50.48       	-0.107988
50.52       	-0.127291
50.56       	-0.144596
50.6        	-0.159631
50.64       	-0.172161
50.68       	-0.181988
50.72       	-0.188959
50.76       	-0.192964
50.8        	-0.19394
50.84       	-0.191872
50.88       	-0.186793
50.92       	-0.178782
50.96       	-0.167964
51          	-0.15451
51.04       	-0.138631
51.08       	-0.120576
51.12       	-0.100629
51.16       	-0.0791015
51.2        	-0.0563329
51.24       	-0.0326801
51.28       	-0.00851431
51.32       	0.0157851
51.36       	0.0398368
51.4        	0.0632631
51.44       	0.0856965
51.48       	0.106785
51.52       	0.126197
51.56       	0.143628
51.6        	0.158805
51.64       	0.17149
51.68       	0.181483
51.72       	0.188627
51.76       	0.19281
51.8        	0.193967
51.84       	0.19208
51.88       	0.187178
51.92       	0.179337
51.96       	0.168682
52          	0.15538
52.04       	0.139638
52.08       	0.121705
52.12       	0.101861
52.16       	0.0804187
52.2        	0.057714
52.24       	0.0341035
52.28       	0.00995763
52.32       	-0.0143445
52.36       	-0.0384215
52.4        	-0.0618954
52.44       	-0.0843978
52.48       	-0.105576
52.52       	-0.125096
52.56       	-0.142653
52.6        	-0.157971
52.64       	-0.17081
52.68       	-0.180967
52.72       	-0.188284
52.76       	-0.192646
52.8        	-0.193984
52.84       	-0.192277
52.88       	-0.187552
52.92       	-0.179883
52.96       	-0.169391
53          	-0.15624
53.04       	-0.140637
53.08       	-0.122827
53.12       	-0.103088
53.16       	-0.0817314
53.2        	-0.059092
53.24       	-0.035525
53.28       	-0.0114004
53.32       	0.0129031
53.36       	0.0370041
53.4        	0.0605243
53.44       	0.0830945
53.48       	0.10436
53.52       	0.123988
53.56       	0.14167
53.6        	0.157128
53.64       	0.17012
53.68       	0.180442
53.72       	0.187931
53.76       	0.192471
53.8        	0.193989
53.84       	0.192463
53.88       	0.187916
53.92       	0.180419
53.96       	0.170091
54          	0.157093
54.04       	0.141629
54.08       	0.123942
54.12       	0.104309
54.16       	0.0830396
54.2        	0.0604666
54.24       	0.0369445
54.28       	0.0128425
54.32       	-0.011461
54.36       	-0.0355847
54.4        	-0.0591498
54.44       	-0.0817865
54.48       	-0.103139
54.52       	-0.122874
54.56       	-0.140679
54.6        	-0.156276
54.64       	-0.169421
54.68       	-0.179906
54.72       	-0.187568
54.76       	-0.192285
54.8        	-0.193984
54.84       	-0.192639
54.88       	-0.18827
54.92       	-0.180945
54.96       	-0.170781
55          	-0.157936
55.04       	-0.142612
55.08       	-0.12505
55.12       	-0.105525
55.16       	-0.0843432
55.2        	-0.0618379
55.24       	-0.038362
55.28       	-0.014284
55.32       	0.0100183
55.36       	0.0341632
55.4        	0.057772
55.44       	0.0804739
55.48       	0.101913
55.52       	0.121752
55.56       	0.13968
55.6        	0.155416
55.64       	0.168712
55.68       	0.179361
55.72       	0.187194
55.76       	0.192088
55.8        	0.193968
55.84       	0.192804
55.88       	0.188613
55.92       	0.181461
55.96       	0.171462
56          	0.158771
56.04       	0.143588
56.08       	0.126151
56.12       	0.106734
56.16       	0.0856421
56.2        	0.0632057
56.24       	0.0397773
56.28       	0.0157246
56.32       	-0.00857495
56.36       	-0.0327399
56.4        	-0.056391
56.44       	-0.079157
56.48       	-0.10068
56.52       	-0.120624
56.56       	-0.138674
56.6        	-0.154547
56.64       	-0.167994
56.68       	-0.178805
56.72       	-0.186809
56.76       	-0.191881
56.8        	-0.193942
56.84       	-0.192958
56.88       	-0.188945
56.92       	-0.181967
56.96       	-0.172133
57          	-0.159596
57.04       	-0.144555
57.08       	-0.127245
57.12       	-0.107938
57.16       	-0.0869362
57.2        	-0.0645701
57.24       	-0.0411905
57.28       	-0.0171644
57.32       	0.00713117
57.36       	0.0313148
57.4        	0.0550069
57.44       	0.0778356
57.48       	0.0994426
57.52       	0.119489
57.56       	0.137659
57.6        	0.153669
57.64       	0.167267
57.68       	0.17824
57.72       	0.186415
57.76       	0.191664
57.8        	0.193904
57.84       	0.193101
57.88       	0.189267
57.92       	0.182463
57.96       	0.172794
58          	0.160413
58.04       	0.145515
58.08       	0.128332
58.12       	0.109135
58.16       	0.0882255
58.2        	0.0659309
58.24       	0.0426014
58.28       	0.0186032
58.32       	-0.005687
58.36       	-0.0298879
58.4        	-0.0536197
58.44       	-0.0765099
58.48       	-0.0981992
58.52       	-0.118347
58.56       	-0.136637
58.6        	-0.152783
58.64       	-0.166531
58.68       	-0.177665
58.72       	-0.18601
58.76       	-0.191435
58.8        	-0.193856
58.84       	-0.193234
58.88       	-0.189579
58.92       	-0.182948
58.96       	-0.173446
59          	-0.161222
59.04       	-0.146466
59.08       	-0.129412
59.12       	-0.110327
59.16       	-0.0895099
59.2        	-0.067288
59.24       	-0.0440099
59.28       	-0.020041
59.32       	0.00424251
59.36       	0.0284594
59.4        	0.0522296
59.44       	0.0751799
59.48       	0.0969503
59.52       	0.117199
59.56       	0.135608
59.6        	0.151889
59.64       	0.165785
59.68       	0.177079
59.72       	0.185594
59.76       	0.191196
59.8        	0.193797
59.84       	0.193356
59.88       	0.18988
59.92       	0.183424
59.96       	0.174088
60          	0.162021
60.04       	0.14741
60.08       	0.130485
60.12       	0.111512
60.16       	0.0907894
60.2        	0.0686414
60.24       	0.0454159
60.28       	0.0214776
60.32       	-0.00279778
60.36       	-0.0270293
60.4        	-0.0508365
60.44       	-0.0738458
60.48       	-0.095696
60.52       	-0.116044
60.56       	-0.134571
60.6        	-0.150985
60.64       	-0.16503
60.68       	-0.176484
60.72       	-0.185169
60.76       	-0.190947
60.8        	-0.193727
60.84       	-0.193467
60.88       	-0.190171
60.92       	-0.183889
60.96       	-0.174721
61          	-0.162811
61.04       	-0.148345
61.08       	-0.131551
61.12       	-0.112692
61.16       	-0.0920638
61.2        	-0.0699909
61.24       	-0.0468194
61.28       	-0.0229131
61.32       	0.0013529
61.36       	0.0255977
61.4        	0.0494406
61.44       	0.0725076
61.48       	0.0944365
61.52       	0.114883
61.56       	0.133526
61.6        	0.150074
61.64       	0.164266
61.68       	0.17588
61.72       	0.184733
61.76       	0.190686
61.8        	0.193647
61.84       	0.193568
61.88       	0.190451
61.92       	0.184344
61.96       	0.175344
62          	0.163592
62.04       	0.149272
62.08       	0.132609
62.12       	0.113865
62.16       	0.0933331
62.2        	0.0713366
62.24       	0.0482204
62.28       	0.0243473
62.32       	9.2051e-05
62.36       	-0.0241646
62.4        	-0.048042
62.44       	-0.0711654
62.48       	-0.0931717
62.52       	-0.113716
62.56       	-0.132475
62.6        	-0.149154
62.64       	-0.163493
62.68       	-0.175265
62.72       	-0.184287
62.76       	-0.190416
62.8        	-0.193556
62.84       	-0.193658
62.88       	-0.19072
62.92       	-0.184789
62.96       	-0.175957
63          	-0.164364
63.04       	-0.150191
63.08       	-0.13366
63.12       	-0.115031
63.16       	-0.0945973
63.2        	-0.0726783
63.24       	-0.0496186
63.28       	-0.0257801
63.32       	-0.001537
63.36       	0.0227303
63.4        	0.0466408
63.44       	0.0698192
63.48       	0.0919017
63.52       	0.112542
63.56       	0.131415
63.6        	0.148226
63.64       	0.162711
63.68       	0.174641
63.72       	0.18383
63.76       	0.190134
63.8        	0.193454
63.84       	0.193737
63.88       	0.190979
63.92       	0.185224
63.96       	0.176561
64          	0.165127
64.04       	0.151101
64.08       	0.134704
64.12       	0.116192
64.16       	0.0958561
64.2        	0.074016
64.24       	0.0510142
64.28       	0.0272116
64.32       	0.00298187
64.36       	-0.0212946
64.4        	-0.0452369
64.44       	-0.0684691
64.48       	-0.0906267
64.52       	-0.111362
64.56       	-0.130349
64.6        	-0.14729
64.64       	-0.161919
64.68       	-0.174007
64.72       	-0.183364
64.76       	-0.189842
64.8        	-0.193341
64.84       	-0.193805
64.88       	-0.191227
64.92       	-0.185648
64.96       	-0.177155
65          	-0.165881
65.04       	-0.152003
65.08       	-0.13574
65.12       	-0.117346
65.16       	-0.0971097
65.2        	-0.0753496
65.24       	-0.0524068
65.28       	-0.0286415
65.32       	-0.00442656
65.36       	0.0198578
65.4        	0.0438305
65.44       	0.0671153
65.48       	0.0893466
65.52       	0.110175
65.56       	0.129275
65.6        	0.146346
65.64       	0.161119
65.68       	0.173364
65.72       	0.182887
65.76       	0.18954
65.8        	0.193218
65.84       	0.193863
65.88       	0.191465
65.92       	0.186062
65.96       	0.177738
66          	0.166625
66.04       	0.152897
66.08       	0.136768
66.12       	0.118493
66.16       	0.0983579
66.2        	0.076679
66.24       	0.0537966
66.28       	0.0300698
66.32       	0.00587102
66.36       	-0.0184199
66.4        	-0.0424217
66.44       	-0.0657577
66.48       	-0.0880615
66.52       	-0.108983
66.56       	-0.128194
66.6        	-0.145393
66.64       	-0.16031
66.68       	-0.17271
66.72       	-0.1824
66.76       	-0.189227
66.8        	-0.193084
66.84       	-0.19391
66.88       	-0.191692
66.92       	-0.186466
66.96       	-0.178312
67          	-0.16736
67.04       	-0.153782
67.08       	-0.137789
67.12       	-0.119634
67.16       	-0.0996006
67.2        	-0.0780042
67.24       	-0.0551834
67.28       	-0.0314965
67.32       	-0.00731515
67.36       	0.016981
67.4        	0.0410106
67.44       	0.0643965
67.48       	0.0867716
67.52       	0.107785
67.56       	0.127106
67.6        	0.144432
67.64       	0.159492
67.68       	0.172048
67.72       	0.181903
67.76       	0.188903
67.8        	0.192939
67.84       	0.193946
67.88       	0.191908
67.92       	0.186859
67.96       	0.178876
68          	0.168086
68.04       	0.154658
68.08       	0.138802
68.12       	0.120768
68.16       	0.100838
68.2        	0.079325
68.24       	0.0565671
68.28       	0.0329214
68.32       	0.00875887
68.36       	-0.0155411
68.4        	-0.0395971
68.44       	-0.0630317
68.48       	-0.0854768
68.52       	-0.10658
68.56       	-0.126011
68.6        	-0.143464
68.64       	-0.158665
68.68       	-0.171375
68.72       	-0.181396
68.76       	-0.188569
68.8        	-0.192783
68.84       	-0.193971
68.88       	-0.192114
68.92       	-0.187242
68.96       	-0.179431
69          	-0.168803
69.04       	-0.155526
69.08       	-0.139808
69.12       	-0.121895
69.16       	-0.102069
69.2        	-0.0806414
69.24       	-0.0579477
69.28       	-0.0343444
69.32       	-0.0102021
69.36       	0.0141004
69.4        	0.0381815
69.44       	0.0616634
69.48       	0.0841773
69.52       	0.10537
69.56       	0.124909
69.6        	0.142487
69.64       	0.157829
69.68       	0.170694
69.72       	0.180879
69.76       	0.188225
69.8        	0.192617
69.84       	0.193985
69.88       	0.192309
69.92       	0.187614
69.96       	0.179975
70          	0.16951
70.04       	0.156385
70.08       	0.140806
70.12       	0.123016
70.16       	0.103295
70.2        	0.0819534
70.24       	0.0593251
70.28       	0.0357656
70.32       	0.0116448
70.36       	-0.0126588
70.4        	-0.0367638
70.44       	-0.0602916
70.48       	-0.0828732
70.52       	-0.104154
70.56       	-0.1238
70.6        	-0.141503
70.64       	-0.156984
70.68       	-0.170002
70.72       	-0.180352
70.76       	-0.18787
70.8        	-0.19244
70.84       	-0.193989
70.88       	-0.192494
70.92       	-0.187977
70.96       	-0.180509
71          	-0.170208
71.04       	-0.157236
71.08       	-0.141796
71.12       	-0.12413
71.16       	-0.104516
71.2        	-0.0832608
71.24       	-0.0606992
71.28       	-0.0371848
71.32       	-0.0130868
71.36       	0.0112166
71.4        	0.035344
71.44       	0.0589166
71.48       	0.0815644
71.52       	0.102932
71.56       	0.122684
71.6        	0.14051
71.64       	0.156131
71.68       	0.169302
71.72       	0.179814
71.76       	0.187505
71.8        	0.192252
71.84       	0.193982
71.88       	0.192667
71.92       	0.188328
71.96       	0.181033
72          	0.170897
72.04       	0.158078
72.08       	0.142778
72.12       	0.125237
72.16       	0.10573
72.2        	0.0845636
72.24       	0.0620699
72.28       	0.0386019
72.32       	0.0145281
72.36       	-0.00977377
72.4        	-0.0339222
72.44       	-0.0575382
72.48       	-0.0802511
72.52       	-0.101704
72.56       	-0.121561
72.6        	-0.13951
72.64       	-0.155269
72.68       	-0.168591
72.72       	-0.179267
72.76       	-0.187129
72.8        	-0.192054
72.84       	-0.193965
72.88       	-0.19283
72.92       	-0.18867
72.96       	-0.181548
73          	-0.171576
73.04       	-0.158911
73.08       	-0.143752
73.12       	-0.126337
73.16       	-0.106938
73.2        	-0.0858616
73.24       	-0.0634371
73.28       	-0.0400169
73.32       	-0.0159686
73.36       	0.00833038
73.4        	0.0324986
73.44       	0.0561567
73.48       	0.0789334
73.52       	0.100471
73.56       	0.120432
73.6        	0.138502
73.64       	0.154399
73.68       	0.167872
73.72       	0.17871
73.76       	0.186743
73.8        	0.191845
73.84       	0.193936
73.88       	0.192983
73.92       	0.189001
73.96       	0.182052
74          	0.172245
74.04       	0.159735
74.08       	0.144718
74.12       	0.12743
74.16       	0.108141
74.2        	0.087155
74.24       	0.0648009
74.28       	0.0414297
74.32       	0.0174082
74.36       	-0.00688653
74.4        	-0.0310732
74.44       	-0.0547721
74.48       	-0.0776113
74.52       	-0.0992323
74.56       	-0.119296
74.6        	-0.137487
74.64       	-0.15352
74.68       	-0.167143
74.72       	-0.178143
74.76       	-0.186347
74.8        	-0.191626
74.84       	-0.193897
74.88       	-0.193124
74.92       	-0.189321
74.96       	-0.182546
75          	-0.172905
75.04       	-0.160551
75.08       	-0.145677
75.12       	-0.128516
75.16       	-0.109338
75.2        	-0.0884435
75.24       	-0.066161
75.28       	-0.0428401
75.32       	-0.0188468
75.36       	0.0054423
75.4        	0.029646
75.44       	0.0533844
75.48       	0.0762849
75.52       	0.097988
75.56       	0.118153
75.6        	0.136464
75.64       	0.152632
75.68       	0.166405
75.72       	0.177566
75.76       	0.18594
75.8        	0.191395
75.84       	0.193847
75.88       	0.193255
75.92       	0.189631
75.96       	0.18303
76          	0.173556
76.04       	0.161358
76.08       	0.146627
76.12       	0.129595
76.16       	0.110528
76.2        	0.0897271
76.24       	0.0675175
76.28       	0.0442482
76.32       	0.0202844
76.36       	-0.00399776
76.4        	-0.0282172
76.44       	-0.0519938
76.48       	-0.0749542
76.52       	-0.0967382
76.56       	-0.117004
76.6        	-0.135433
76.64       	-0.151736
76.68       	-0.165658
76.72       	-0.176979
76.76       	-0.185523
76.8        	-0.191155
76.84       	-0.193786
76.88       	-0.193376
76.92       	-0.18993
76.96       	-0.183503
77          	-0.174196
77.04       	-0.162155
77.08       	-0.147569
77.12       	-0.130666
77.16       	-0.111713
77.2        	-0.0910057
77.24       	-0.0688703
77.28       	-0.0456539
77.32       	-0.0217209
77.36       	0.00255301
77.4        	0.0267868
77.44       	0.0506002
77.48       	0.0736194
77.52       	0.095483
77.56       	0.115848
77.6        	0.134395
77.64       	0.150832
77.68       	0.164901
77.72       	0.176383
77.76       	0.185096
77.8        	0.190903
77.84       	0.193714
77.88       	0.193485
77.92       	0.190219
77.96       	0.183967
78          	0.174827
78.04       	0.162944
78.08       	0.148503
78.12       	0.131731
78.16       	0.112891
78.2        	0.0922792
78.24       	0.0702192
78.28       	0.047057
78.32       	0.0231562
78.36       	-0.00110811
78.4        	-0.025355
78.44       	-0.0492039
78.48       	-0.0722805
78.52       	-0.0942226
78.56       	-0.114686
78.6        	-0.133349
78.64       	-0.149919
78.68       	-0.164136
78.72       	-0.175776
78.76       	-0.184658
78.8        	-0.190641
78.84       	-0.193632
78.88       	-0.193584
78.92       	-0.190497
78.96       	-0.18442
79          	-0.175449
79.04       	-0.163723
79.08       	-0.149428
79.12       	-0.132788
79.16       	-0.114063
79.2        	-0.0935477
79.24       	-0.0715642
79.28       	-0.0484575
79.32       	-0.0245901
79.36       	-0.000336851
79.4        	0.0239217
79.44       	0.0478048
79.48       	0.0709376
79.52       	0.0929569
79.56       	0.113517
79.6        	0.132296
79.64       	0.148998
79.68       	0.163361
79.72       	0.17516
79.76       	0.18421
79.8        	0.190369
79.84       	0.193539
79.88       	0.193672
79.92       	0.190765
79.96       	0.184863
80          	0.17606
80.04       	0.164494
80.08       	0.150345
80.12       	0.133837
80.16       	0.115228
80.2        	0.0948109
80.24       	0.0729052
80.28       	0.0498553
80.32       	0.0260228
80.36       	0.00178179
80.4        	-0.0224871
80.44       	-0.0464031
80.48       	-0.0695907
80.52       	-0.0916861
80.56       	-0.112342
80.6        	-0.131235
80.64       	-0.148068
80.68       	-0.162577
80.72       	-0.174534
80.76       	-0.183752
80.8        	-0.190085
80.84       	-0.193435
80.88       	-0.193749
80.92       	-0.191022
80.96       	-0.185296
81          	-0.176662
81.04       	-0.165255
81.08       	-0.151254
81.12       	-0.13488
81.16       	-0.116388
81.2        	-0.0960689
81.24       	-0.0742422
81.28       	-0.0512503
81.32       	-0.0274539
81.36       	-0.00322663
81.4        	0.0210513
81.44       	0.0449988
81.48       	0.06824
81.52       	0.0904101
81.56       	0.111161
81.6        	0.130167
81.64       	0.147131
81.68       	0.161784
81.72       	0.173899
81.76       	0.183284
81.8        	0.189792
81.84       	0.193321
81.88       	0.193816
81.92       	0.191268
81.96       	0.185719
82          	0.177254
82.04       	0.166007
82.08       	0.152155
82.12       	0.135914
82.16       	0.11754
82.2        	0.0973215
82.24       	0.0755751
82.28       	0.0526425
82.32       	0.0288836
82.36       	0.0046713
82.4        	-0.0196143
82.44       	-0.043592
82.48       	-0.0668855
82.52       	-0.0891292
82.56       	-0.109974
82.6        	-0.129092
82.64       	-0.146185
82.68       	-0.160983
82.72       	-0.173254
82.76       	-0.182805
82.8        	-0.189488
82.84       	-0.193196
82.88       	-0.193871
82.92       	-0.191504
82.96       	-0.186131
83          	-0.177836
83.04       	-0.16675
83.08       	-0.153047
83.12       	-0.136942
83.16       	-0.118687
83.2        	-0.0985688
83.24       	-0.0769038
83.28       	-0.0540318
83.32       	-0.0303116
83.36       	-0.0061157
83.4        	0.0181762
83.44       	0.0421828
83.48       	0.0655273
83.52       	0.0878433
83.56       	0.108781
83.6        	0.12801
83.64       	0.145231
83.68       	0.160172
83.72       	0.172599
83.76       	0.182317
83.8        	0.189173
83.84       	0.19306
83.88       	0.193916
83.92       	0.191729
83.96       	0.186533
84          	0.178409
84.04       	0.167484
84.08       	0.153931
84.12       	0.137961
84.16       	0.119826
84.2        	0.0998106
84.24       	0.0782282
84.28       	0.055418
84.32       	0.031738
84.36       	0.00755977
84.4        	-0.0167371
84.44       	-0.0407713
84.48       	-0.0641655
84.52       	-0.0865526
84.56       	-0.107581
84.6        	-0.126921
84.64       	-0.144269
84.68       	-0.159352
84.72       	-0.171934
84.76       	-0.181818
84.8        	-0.188848
84.84       	-0.192913
84.88       	-0.193951
84.92       	-0.191944
84.96       	-0.186924
85          	-0.178971
85.04       	-0.168209
85.08       	-0.154806
85.12       	-0.138973
85.16       	-0.120959
85.2        	-0.101047
85.24       	-0.0795483
85.28       	-0.0568012
85.32       	-0.0331626
85.36       	-0.00900341
85.4        	0.0152971
85.44       	0.0393575
85.48       	0.0628001
85.52       	0.085257
85.56       	0.106376
85.6        	0.125825
85.64       	0.143299
85.68       	0.158524
85.72       	0.17126
85.76       	0.181309
85.8        	0.188512
85.84       	0.192756
85.88       	0.193974
85.92       	0.192148
85.96       	0.187306
86          	0.179524
86.04       	0.168924
86.08       	0.155672
86.12       	0.139977
86.16       	0.122086
86.2        	0.102277
86.24       	0.080864
86.28       	0.0581813
86.32       	0.0345853
86.36       	0.0104466
86.4        	-0.0138562
86.44       	-0.0379415
86.48       	-0.0614312
86.52       	-0.0839567
86.56       	-0.105164
86.6        	-0.124722
86.64       	-0.142321
86.68       	-0.157687
86.72       	-0.170577
86.76       	-0.18079
86.8        	-0.188166
86.84       	-0.192588
86.88       	-0.193987
86.92       	-0.192341
86.96       	-0.187677
87          	-0.180066
87.04       	-0.169629
87.08       	-0.15653
87.12       	-0.140974
87.16       	-0.123205
87.2        	-0.103502
87.24       	-0.0821752
87.28       	-0.0595581
87.32       	-0.0360062
87.36       	-0.0118891
87.4        	0.0124146
87.44       	0.0365234
87.48       	0.0600589
87.52       	0.0826518
87.56       	0.103947
87.6        	0.123611
87.64       	0.141335
87.68       	0.156841
87.72       	0.169884
87.76       	0.180261
87.8        	0.187809
87.84       	0.192409
87.88       	0.193989
87.92       	0.192524
87.96       	0.188037
88          	0.180599
88.04       	0.170326
88.08       	0.157379
88.12       	0.141963
88.16       	0.124318
88.2        	0.104722
88.24       	0.0834818
88.28       	0.0609316
88.32       	0.037425
88.36       	0.013331
88.4        	-0.0109722
88.44       	-0.0351032
88.48       	-0.0586833
88.52       	-0.0813422
88.56       	-0.102724
88.6        	-0.122494
88.64       	-0.140341
88.68       	-0.155986
88.72       	-0.169182
88.76       	-0.179722
88.8        	-0.187442
88.84       	-0.19222
88.88       	-0.19398
88.92       	-0.192696
88.96       	-0.188387
89          	-0.181121
89.04       	-0.171013
89.08       	-0.15822
89.12       	-0.142944
89.16       	-0.125424
89.2        	-0.105935
89.24       	-0.0847838
89.28       	-0.0623017
89.32       	-0.0388418
89.36       	-0.0147722
89.4        	0.00952927
89.44       	0.0336812
89.48       	0.0573044
89.52       	0.0800282
89.56       	0.101496
89.6        	0.12137
89.64       	0.13934
89.68       	0.155122
89.72       	0.16847
89.76       	0.179174
89.8        	0.187065
89.84       	0.192019
89.88       	0.19396
89.92       	0.192857
89.96       	0.188726
90          	0.181634
90.04       	0.17169
90.08       	0.159051
90.12       	0.143916
90.16       	0.126522
90.2        	0.107143
90.24       	0.0860811
90.28       	0.0636684
90.32       	0.0402564
90.36       	0.0162125
90.4        	-0.0080858
90.44       	-0.0322572
90.48       	-0.0559224
90.52       	-0.0787097
90.56       	-0.100262
90.6        	-0.12024
90.64       	-0.138331
90.68       	-0.154251
90.72       	-0.167749
90.76       	-0.178615
90.8        	-0.186677
90.84       	-0.191809
90.88       	-0.19393
90.92       	-0.193008
90.96       	-0.189056
91          	-0.182136
91.04       	-0.172358
91.08       	-0.159874
91.12       	-0.144881
91.16       	-0.127614
91.2        	-0.108344
91.24       	-0.0873736
91.28       	-0.0650316
91.32       	-0.0416688
91.36       	-0.017652
91.4        	0.00664188
91.44       	0.0308315
91.48       	0.0545372
91.52       	0.0773869
91.56       	0.0990219
91.6        	0.119103
91.64       	0.137314
91.68       	0.15337
91.72       	0.167019
91.76       	0.178046
91.8        	0.186279
91.84       	0.191587
91.88       	0.193889
91.92       	0.193147
91.96       	0.189374
92          	0.182628
92.04       	0.173016
92.08       	0.160688
92.12       	0.145838
92.16       	0.128699
92.2        	0.10954
92.24       	0.0886613
92.28       	0.0663911
92.32       	0.0430789
92.36       	0.0190905
92.4        	-0.00519759
92.44       	-0.0294041
92.48       	-0.053149
92.52       	-0.0760597
92.56       	-0.0977766
92.6        	-0.117959
92.64       	-0.136289
92.68       	-0.152481
92.72       	-0.166279
92.76       	-0.177467
92.8        	-0.18587
92.84       	-0.191355
92.88       	-0.193837
92.92       	-0.193276
92.96       	-0.189682
93          	-0.183111
93.04       	-0.173665
93.08       	-0.161493
93.12       	-0.146787
93.16       	-0.129777
93.2        	-0.110729
93.24       	-0.089944
93.28       	-0.067747
93.32       	-0.0444865
93.36       	-0.0205279
93.4        	0.00375301
93.44       	0.027975
93.48       	0.0517579
93.52       	0.0747284
93.56       	0.0965259
93.6        	0.116808
93.64       	0.135257
93.68       	0.151584
93.72       	0.16553
93.76       	0.176879
93.8        	0.185451
93.84       	0.191113
93.88       	0.193775
93.92       	0.193395
93.96       	0.18998
94          	0.183583
94.04       	0.174304
94.08       	0.162289
94.12       	0.147728
94.16       	0.130847
94.2        	0.111913
94.24       	0.0912218
94.28       	0.0690991
94.32       	0.0458918
94.36       	0.0219641
94.4        	-0.00230823
94.44       	-0.0265444
94.48       	-0.0503639
94.52       	-0.0733928
94.56       	-0.0952699
94.6        	-0.115652
94.64       	-0.134218
94.68       	-0.150678
94.72       	-0.164772
94.76       	-0.176281
94.8        	-0.185022
94.84       	-0.19086
94.88       	-0.193701
94.92       	-0.193503
94.96       	-0.190267
95          	-0.184044
95.04       	-0.174933
95.08       	-0.163076
95.12       	-0.14866
95.16       	-0.13191
95.2        	-0.11309
95.24       	-0.0924945
95.28       	-0.0704473
95.32       	-0.0472944
95.36       	-0.0233992
95.4        	0.000863312
95.44       	0.0251123
95.48       	0.0489671
95.52       	0.0720533
95.56       	0.0940085
95.6        	0.114488
95.64       	0.133171
95.68       	0.149763
95.72       	0.164005
95.76       	0.175673
95.8        	0.184583
95.84       	0.190596
95.88       	0.193617
95.92       	0.193599
95.96       	0.190543
96          	0.184496
96.04       	0.175553
96.08       	0.163854
96.12       	0.149584
96.16       	0.132966
96.2        	0.114261
96.24       	0.093762
96.28       	0.0717917
96.32       	0.0486945
96.36       	0.0248329
96.4        	0.00058165
96.44       	-0.0236788
96.48       	-0.0475675
96.52       	-0.0707097
96.56       	-0.092742
96.6        	-0.113319
96.64       	-0.132117
96.68       	-0.148841
96.72       	-0.163229
96.76       	-0.175055
96.8        	-0.184133
96.84       	-0.190321
96.88       	-0.193522
96.92       	-0.193686
96.96       	-0.190809
97          	-0.184937
97.04       	-0.176163
97.08       	-0.164623
97.12       	-0.1505
97.16       	-0.134014
97.2        	-0.115425
97.24       	-0.0950244
97.28       	-0.073132
97.32       	-0.0500918
97.36       	-0.0262653
97.4        	-0.00202658
97.44       	0.022244
97.48       	0.0461654
97.52       	0.0693622
97.56       	0.0914703
97.6        	0.112143
97.64       	0.131055
97.68       	0.14791
97.72       	0.162444
97.76       	0.174427
97.8        	0.183673
97.84       	0.190036
97.88       	0.193417
97.92       	0.193761
97.96       	0.191064
98          	0.185368
98.04       	0.176763
98.08       	0.165383
98.12       	0.151408
98.16       	0.135055
98.2        	0.116583
98.24       	0.0962815
98.28       	0.0744683
98.32       	0.0514864
98.36       	0.0276962
98.4        	0.0034714
98.44       	-0.0208079
98.48       	-0.0447607
98.52       	-0.0680108
98.56       	-0.0901935
98.6        	-0.11096
98.64       	-0.129986
98.68       	-0.146971
98.72       	-0.161649
98.76       	-0.17379
98.8        	-0.183203
98.84       	-0.189741
98.88       	-0.1933
98.92       	-0.193826
98.96       	-0.191309
99          	-0.185789
99.04       	-0.177353
99.08       	-0.166134
99.12       	-0.152307
99.16       	-0.136089
99.2        	-0.117735
99.24       	-0.0975332
99.28       	-0.0758005
99.32       	-0.0528781
99.36       	-0.0291256
99.4        	-0.00491602
99.44       	0.0193707
99.48       	0.0433535
99.52       	0.0666557
99.56       	0.0889117
99.6        	0.109772
99.64       	0.12891
99.68       	0.146024
99.72       	0.160846
99.76       	0.173143
99.8        	0.182723
99.84       	0.189435
99.88       	0.193173
99.92       	0.19388
99.96       	0.191543
