0           	0
20.0752     	28.6703
40.1504     	57.3161
60.2255     	85.9374
80.3007     	114.534
100.376     	143.106
120.451     	171.654
140.526     	200.177
160.601     	228.676
180.677     	257.15
200.752     	285.6
220.827     	314.025
240.902     	342.425
260.977     	370.801
281.052     	399.153
301.128     	427.48
321.203     	455.782
341.278     	484.06
361.353     	512.313
381.428     	540.542
401.504     	568.747
421.579     	596.927
441.654     	625.082
461.729     	653.213
481.804     	681.319
501.879     	709.401
521.955     	737.458
542.03      	765.49
562.105     	793.499
582.18      	821.482
602.255     	849.441
622.33      	877.376
642.406     	905.286
662.481     	933.171
682.556     	961.032
702.631     	988.869
722.706     	1016.68
742.781     	1044.47
762.857     	1072.23
782.932     	1099.97
803.007     	1127.68
823.082     	1155.37
843.157     	1183.04
863.233     	1210.68
883.308     	1238.29
903.383     	1265.88
923.458     	1293.45
943.533     	1320.99
963.608     	1348.51
983.684     	1376
1003.76     	1403.47
1023.83     	1430.92
1043.91     	1458.34
1063.98     	1485.73
1084.06     	1513.1
1104.13     	1540.45
1124.21     	1567.77
1144.28     	1595.07
1164.36     	1622.34
1184.44     	1649.59
1204.51     	1676.81
1224.59     	1704.01
1244.66     	1731.18
1264.74     	1758.33
1284.81     	1785.46
1304.89     	1812.56
1324.96     	1839.64
1345.04     	1866.69
1365.11     	1893.71
1385.19     	1920.72
1405.26     	1947.69
1425.34     	1974.65
1445.41     	2001.58
1465.49     	2028.48
1485.56     	2055.36
1505.64     	2082.22
1525.71     	2109.05
1545.79     	2135.85
1565.86     	2162.64
1585.94     	2189.39
1606.01     	2216.13
1626.09     	2242.84
1646.16     	2269.52
1666.24     	2296.18
1686.31     	2322.81
1706.39     	2349.42
1726.47     	2376.01
1746.54     	2402.57
1766.62     	2429.11
1786.69     	2455.62
1806.77     	2482.11
1826.84     	2508.57
1846.92     	2535.01
1866.99     	2561.42
1887.07     	2587.81
1907.14     	2614.18
1927.22     	2640.52
1947.29     	2666.83
1967.37     	2693.12
1987.44     	2719.39
2007.52     	2745.63
2027.59     	2771.85
2047.67     	2798.04
2067.74     	2824.21
2087.82     	2850.36
2107.89     	2876.48
2127.97     	2902.57
2148.04     	2928.64
2168.12     	2954.69
2188.19     	2980.71
2208.27     	3006.71
2228.34     	3032.68
2248.42     	3058.63
2268.49     	3084.55
2288.57     	3110.45
2308.65     	3136.33
2328.72     	3162.18
2348.8      	3188
2368.87     	3213.8
2388.95     	3239.58
2409.02     	3265.33
2429.1      	3291.06
2449.17     	3316.76
2469.25     	3342.44
2489.32     	3368.09
2509.4      	3393.72
2529.47     	3419.33
2549.55     	3444.91
2569.62     	3470.46
2589.7      	3495.99
2609.77     	3521.5
2629.85     	3546.98
2649.92     	3572.44
2670        	3597.87
2690.07     	3623.28
2710.15     	3648.66
2730.22     	3674.02
2750.3      	3699.36
2770.37     	3724.67
2790.45     	3749.96
2810.52     	3775.22
2830.6      	3800.45
2850.67     	3825.67
2870.75     	3850.85
2890.83     	3876.02
2910.9      	3901.16
2930.98     	3926.27
2951.05     	3951.36
2971.13     	3976.42
2991.2      	4001.47
3011.28     	4026.48
3031.35     	4051.47
3051.43     	4076.44
3071.5      	4101.38
3091.58     	4126.3
3111.65     	4151.19
3131.73     	4176.06
3151.8      	4200.91
3171.88     	4225.73
3191.95     	4250.52
3212.03     	4275.29
3232.1      	4300.04
3252.18     	4324.76
3272.25     	4349.46
3292.33     	4374.13
3312.4      	4398.78
3332.48     	4423.4
3352.55     	4448
3372.63     	4472.58
3392.7      	4497.13
3412.78     	4521.65
3432.85     	4546.15
3452.93     	4570.63
3473.01     	4595.08
3493.08     	4619.51
3513.16     	4643.91
3533.23     	4668.29
3553.31     	4692.65
3573.38     	4716.97
3593.46     	4741.28
3613.53     	4765.56
3633.61     	4789.82
3653.68     	4814.05
3673.76     	4838.25
3693.83     	4862.44
3713.91     	4886.59
3733.98     	4910.73
3754.06     	4934.84
3774.13     	4958.92
3794.21     	4982.98
3814.28     	5007.01
3834.36     	5031.03
3854.43     	5055.01
3874.51     	5078.97
3894.58     	5102.91
3914.66     	5126.82
3934.73     	5150.71
3954.81     	5174.57
3974.88     	5198.41
3994.96     	5222.23
4015.04     	5246.02
4035.11     	5269.78
4055.19     	5293.52
4075.26     	5317.24
4095.34     	5340.93
4115.41     	5364.6
4135.49     	5388.24
4155.56     	5411.86
4175.64     	5435.45
4195.71     	5459.02
4215.79     	5482.57
4235.86     	5506.09
4255.94     	5529.58
4276.01     	5553.05
4296.09     	5576.5
4316.16     	5599.92
4336.24     	5623.32
4356.31     	5646.69
4376.39     	5670.04
4396.46     	5693.36
4416.54     	5716.66
4436.61     	5739.94
4456.69     	5763.19
4476.76     	5786.41
4496.84     	5809.62
4516.91     	5832.79
4536.99     	5855.94
4557.06     	5879.07
4577.14     	5902.18
4597.22     	5925.25
4617.29     	5948.31
4637.37     	5971.34
4657.44     	5994.34
4677.52     	6017.32
4697.59     	6040.28
4717.67     	6063.21
4737.74     	6086.12
4757.82     	6109
4777.89     	6131.86
4797.97     	6154.69
4818.04     	6177.5
4838.12     	6200.28
4858.19     	6223.04
4878.27     	6245.78
4898.34     	6268.49
4918.42     	6291.18
4938.49     	6313.84
4958.57     	6336.48
4978.64     	6359.09
4998.72     	6381.68
5018.79     	6404.24
5038.87     	6426.78
5058.94     	6449.29
5079.02     	6471.78
5099.09     	6494.25
5119.17     	6516.69
5139.24     	6539.11
5159.32     	6561.5
5179.4      	6583.87
5199.47     	6606.21
5219.55     	6628.53
5239.62     	6650.82
5259.7      	6673.09
5279.77     	6695.33
5299.85     	6717.55
5319.92     	6739.75
5340        	6761.92
5360.07     	6784.07
5380.15     	6806.19
5400.22     	6828.29
5420.3      	6850.36
5440.37     	6872.41
5460.45     	6894.43
5480.52     	6916.43
5500.6      	6938.41
5520.67     	6960.36
5540.75     	6982.28
5560.82     	7004.19
5580.9      	7026.06
5600.97     	7047.92
5621.05     	7069.74
5641.12     	7091.55
5661.2      	7113.33
5681.27     	7135.08
5701.35     	7156.81
5721.42     	7178.51
5741.5      	7200.2
5761.58     	7221.85
5781.65     	7243.48
5801.73     	7265.09
5821.8      	7286.67
5841.88     	7308.23
5861.95     	7329.76
5882.03     	7351.27
5902.1      	7372.76
5922.18     	7394.22
5942.25     	7415.65
5962.33     	7437.06
5982.4      	7458.45
6002.48     	7479.81
6022.55     	7501.15
6042.63     	7522.46
6062.7      	7543.75
6082.78     	7565.02
6102.85     	7586.25
6122.93     	7607.47
6143        	7628.66
6163.08     	7649.82
6183.15     	7670.97
6203.23     	7692.08
6223.3      	7713.17
6243.38     	7734.24
6263.45     	7755.29
6283.53     	7776.3
6303.61     	7797.3
6323.68     	7818.27
6343.76     	7839.21
6363.83     	7860.13
6383.91     	7881.03
6403.98     	7901.9
6424.06     	7922.75
6444.13     	7943.57
6464.21     	7964.37
6484.28     	7985.14
6504.36     	8005.89
6524.43     	8026.61
6544.51     	8047.31
6564.58     	8067.99
6584.66     	8088.64
6604.73     	8109.26
6624.81     	8129.87
6644.88     	8150.44
6664.96     	8171
6685.03     	8191.52
6705.11     	8212.03
6725.18     	8232.51
6745.26     	8252.96
6765.33     	8273.39
6785.41     	8293.8
6805.48     	8314.18
6825.56     	8334.53
6845.63     	8354.87
6865.71     	8375.17
6885.79     	8395.46
6905.86     	8415.71
6925.94     	8435.95
6946.01     	8456.16
6966.09     	8476.34
6986.16     	8496.5
7006.24     	8516.64
7026.31     	8536.75
7046.39     	8556.83
7066.46     	8576.9
7086.54     	8596.93
7106.61     	8616.95
7126.69     	8636.94
7146.76     	8656.9
7166.84     	8676.84
7186.91     	8696.75
7206.99     	8716.64
7227.06     	8736.51
7247.14     	8756.35
7267.21     	8776.17
7287.29     	8795.96
7307.36     	8815.73
7327.44     	8835.47
7347.51     	8855.19
7367.59     	8874.88
7387.66     	8894.55
7407.74     	8914.2
7427.81     	8933.82
7447.89     	8953.42
7467.97     	8972.99
7488.04     	8992.53
7508.12     	9012.06
7528.19     	9031.55
7548.27     	9051.03
7568.34     	9070.48
7588.42     	9089.9
7608.49     	9109.3
7628.57     	9128.68
7648.64     	9148.03
7668.72     	9167.35
7688.79     	9186.66
7708.87     	9205.93
7728.94     	9225.19
7749.02     	9244.41
7769.09     	9263.62
7789.17     	9282.8
7809.24     	9301.95
7829.32     	9321.08
7849.39     	9340.19
7869.47     	9359.27
7889.54     	9378.32
7909.62     	9397.36
7929.69     	9416.36
7949.77     	9435.35
7969.84     	9454.31
7989.92     	9473.24
8009.99     	9492.15
8030.07     	9511.03
8050.15     	9529.89
8070.22     	9548.73
8090.3      	9567.54
8110.37     	9586.33
8130.45     	9605.09
8150.52     	9623.83
8170.6      	9642.54
8190.67     	9661.23
8210.75     	9679.89
8230.82     	9698.53
8250.9      	9717.15
8270.97     	9735.74
8291.05     	9754.3
8311.12     	9772.85
8331.2      	9791.36
8351.27     	9809.86
8371.35     	9828.32
8391.42     	9846.77
8411.5      	9865.19
8431.57     	9883.58
8451.65     	9901.95
8471.72     	9920.3
8491.8      	9938.62
8511.87     	9956.91
8531.95     	9975.18
8552.02     	9993.43
8572.1      	10011.7
8592.18     	10029.9
8612.25     	10048
8632.33     	10066.2
8652.4      	10084.3
8672.48     	10102.4
8692.55     	10120.5
8712.63     	10138.5
8732.7      	10156.6
8752.78     	10174.6
8772.85     	10192.5
8792.93     	10210.5
8813        	10228.4
8833.08     	10246.3
8853.15     	10264.2
8873.23     	10282.1
8893.3      	10299.9
8913.38     	10317.7
8933.45     	10335.5
8953.53     	10353.2
8973.6      	10371
8993.68     	10388.7
9013.75     	10406.3
9033.83     	10424
9053.9      	10441.6
9073.98     	10459.3
9094.05     	10476.8
9114.13     	10494.4
9134.2      	10511.9
9154.28     	10529.4
9174.36     	10546.9
9194.43     	10564.4
9214.51     	10581.8
9234.58     	10599.2
9254.66     	10616.6
9274.73     	10634
9294.81     	10651.3
9314.88     	10668.7
9334.96     	10685.9
9355.03     	10703.2
9375.11     	10720.5
9395.18     	10737.7
9415.26     	10754.9
9435.33     	10772
9455.41     	10789.2
9475.48     	10806.3
9495.56     	10823.4
9515.63     	10840.5
9535.71     	10857.5
9555.78     	10874.5
9575.86     	10891.5
9595.93     	10908.5
9616.01     	10925.4
9636.08     	10942.4
9656.16     	10959.3
9676.23     	10976.1
9696.31     	10993
9716.38     	11009.8
9736.46     	11026.6
9756.54     	11043.4
9776.61     	11060.1
9796.69     	11076.9
9816.76     	11093.6
9836.84     	11110.2
9856.91     	11126.9
9876.99     	11143.5
9897.06     	11160.1
9917.14     	11176.7
9937.21     	11193.3
9957.29     	11209.8
9977.36     	11226.3
9997.44     	11242.8
10017.5     	11259.2
10037.6     	11275.7
10057.7     	11292.1
10077.7     	11308.5
10097.8     	11324.8
10117.9     	11341.2
10138       	11357.5
10158       	11373.7
10178.1     	11390
10198.2     	11406.2
10218.3     	11422.5
10238.3     	11438.6
10258.4     	11454.8
10278.5     	11470.9
10298.6     	11487.1
10318.6     	11503.1
10338.7     	11519.2
10358.8     	11535.2
10378.9     	11551.3
10398.9     	11567.3
10419       	11583.2
10439.1     	11599.2
10459.2     	11615.1
10479.2     	11631
10499.3     	11646.8
10519.4     	11662.7
10539.5     	11678.5
10559.5     	11694.3
10579.6     	11710.1
10599.7     	11725.8
10619.8     	11741.5
10639.8     	11757.2
10659.9     	11772.9
10680       	11788.6
10700.1     	11804.2
10720.1     	11819.8
10740.2     	11835.3
10760.3     	11850.9
10780.4     	11866.4
10800.4     	11881.9
10820.5     	11897.4
10840.6     	11912.9
10860.7     	11928.3
10880.7     	11943.7
10900.8     	11959.1
10920.9     	11974.4
10941       	11989.7
10961       	12005
10981.1     	12020.3
11001.2     	12035.6
11021.3     	12050.8
11041.3     	12066
11061.4     	12081.2
11081.5     	12096.4
11101.6     	12111.5
11121.6     	12126.6
11141.7     	12141.7
11161.8     	12156.7
11181.9     	12171.8
11201.9     	12186.8
11222       	12201.8
11242.1     	12216.7
11262.2     	12231.7
11282.2     	12246.6
11302.3     	12261.5
11322.4     	12276.3
11342.5     	12291.2
11362.5     	12306
11382.6     	12320.8
11402.7     	12335.5
11422.8     	12350.3
11442.8     	12365
11462.9     	12379.7
11483       	12394.3
11503.1     	12409
11523.2     	12423.6
11543.2     	12438.2
11563.3     	12452.8
11583.4     	12467.3
11603.5     	12481.8
11623.5     	12496.3
11643.6     	12510.8
11663.7     	12525.2
11683.8     	12539.7
11703.8     	12554.1
11723.9     	12568.4
11744       	12582.8
11764.1     	12597.1
11784.1     	12611.4
11804.2     	12625.7
11824.3     	12639.9
11844.4     	12654.1
11864.4     	12668.3
11884.5     	12682.5
11904.6     	12696.7
11924.7     	12710.8
11944.7     	12724.9
11964.8     	12739
11984.9     	12753
12005       	12767.1
12025       	12781.1
12045.1     	12795.1
12065.2     	12809
12085.3     	12822.9
12105.3     	12836.8
12125.4     	12850.7
12145.5     	12864.6
12165.6     	12878.4
12185.6     	12892.2
12205.7     	12906
12225.8     	12919.8
12245.9     	12933.5
12265.9     	12947.2
12286       	12960.9
12306.1     	12974.6
12326.2     	12988.2
12346.2     	13001.8
12366.3     	13015.4
12386.4     	13029
12406.5     	13042.5
12426.5     	13056
12446.6     	13069.5
12466.7     	13083
12486.8     	13096.4
12506.8     	13109.8
12526.9     	13123.2
12547       	13136.6
12567.1     	13149.9
12587.1     	13163.2
12607.2     	13176.5
12627.3     	13189.8
12647.4     	13203
12667.4     	13216.3
12687.5     	13229.5
12707.6     	13242.6
12727.7     	13255.8
12747.7     	13268.9
12767.8     	13282
12787.9     	13295.1
12808       	13308.1
12828       	13321.1
12848.1     	13334.1
12868.2     	13347.1
12888.3     	13360.1
12908.3     	13373
12928.4     	13385.9
12948.5     	13398.8
12968.6     	13411.6
12988.6     	13424.4
13008.7     	13437.2
13028.8     	13450
13048.9     	13462.8
13068.9     	13475.5
13089       	13488.2
13109.1     	13500.9
13129.2     	13513.5
13149.2     	13526.2
13169.3     	13538.8
13189.4     	13551.4
13209.5     	13563.9
13229.5     	13576.5
13249.6     	13589
13269.7     	13601.4
13289.8     	13613.9
13309.8     	13626.3
13329.9     	13638.7
13350       	13651.1
13370.1     	13663.5
13390.1     	13675.8
13410.2     	13688.1
13430.3     	13700.4
13450.4     	13712.7
13470.4     	13724.9
13490.5     	13737.1
13510.6     	13749.3
13530.7     	13761.5
13550.7     	13773.6
13570.8     	13785.8
13590.9     	13797.9
13611       	13809.9
13631       	13822
13651.1     	13834
13671.2     	13846
13691.3     	13857.9
13711.3     	13869.9
13731.4     	13881.8
13751.5     	13893.7
13771.6     	13905.6
13791.6     	13917.4
13811.7     	13929.2
13831.8     	13941
13851.9     	13952.8
13871.9     	13964.6
13892       	13976.3
13912.1     	13988
13932.2     	13999.7
13952.2     	14011.3
13972.3     	14022.9
13992.4     	14034.5
14012.5     	14046.1
14032.5     	14057.7
14052.6     	14069.2
14072.7     	14080.7
14092.8     	14092.2
14112.8     	14103.6
14132.9     	14115
14153       	14126.5
14173.1     	14137.8
14193.1     	14149.2
14213.2     	14160.5
14233.3     	14171.8
14253.4     	14183.1
14273.4     	14194.4
14293.5     	14205.6
14313.6     	14216.8
14333.7     	14228
14353.8     	14239.2
14373.8     	14250.3
14393.9     	14261.4
14414       	14272.5
14434.1     	14283.5
14454.1     	14294.6
14474.2     	14305.6
14494.3     	14316.6
14514.4     	14327.5
14534.4     	14338.5
14554.5     	14349.4
14574.6     	14360.3
14594.7     	14371.2
14614.7     	14382
14634.8     	14392.8
14654.9     	14403.6
14675       	14414.4
14695       	14425.1
14715.1     	14435.8
14735.2     	14446.5
14755.3     	14457.2
14775.3     	14467.8
14795.4     	14478.5
14815.5     	14489
14835.6     	14499.6
14855.6     	14510.2
14875.7     	14520.7
14895.8     	14531.2
14915.9     	14541.7
14935.9     	14552.1
14956       	14562.5
14976.1     	14572.9
14996.2     	14583.3
15016.2     	14593.7
15036.3     	14604
15056.4     	14614.3
15076.5     	14624.6
15096.5     	14634.8
15116.6     	14645
15136.7     	14655.2
15156.8     	14665.4
15176.8     	14675.6
15196.9     	14685.7
15217       	14695.8
15237.1     	14705.9
15257.1     	14715.9
15277.2     	14726
15297.3     	14736
15317.4     	14746
15337.4     	14755.9
15357.5     	14765.9
15377.6     	14775.8
15397.7     	14785.6
15417.7     	14795.5
15437.8     	14805.3
15457.9     	14815.2
15478       	14824.9
15498       	14834.7
15518.1     	14844.4
15538.2     	14854.2
15558.3     	14863.8
15578.3     	14873.5
15598.4     	14883.1
15618.5     	14892.8
15638.6     	14902.3
15658.6     	14911.9
15678.7     	14921.5
15698.8     	14931
15718.9     	14940.5
15738.9     	14949.9
15759       	14959.4
15779.1     	14968.8
15799.2     	14978.2
15819.2     	14987.6
15839.3     	14996.9
15859.4     	15006.2
15879.5     	15015.5
15899.5     	15024.8
15919.6     	15034
15939.7     	15043.3
15959.8     	15052.4
15979.8     	15061.6
15999.9     	15070.8
16020       	15079.9
16040.1     	15089
16060.1     	15098.1
16080.2     	15107.1
16100.3     	15116.1
16120.4     	15125.1
16140.4     	15134.1
16160.5     	15143.1
16180.6     	15152
16200.7     	15160.9
16220.7     	15169.8
16240.8     	15178.6
16260.9     	15187.5
16281       	15196.3
16301       	15205.1
16321.1     	15213.8
16341.2     	15222.5
16361.3     	15231.2
16381.3     	15239.9
16401.4     	15248.6
16421.5     	15257.2
16441.6     	15265.8
16461.6     	15274.4
16481.7     	15283
16501.8     	15291.5
16521.9     	15300
16541.9     	15308.5
16562       	15317
16582.1     	15325.4
16602.2     	15333.8
16622.2     	15342.2
16642.3     	15350.6
16662.4     	15358.9
16682.5     	15367.2
16702.5     	15375.5
16722.6     	15383.8
16742.7     	15392
16762.8     	15400.2
16782.8     	15408.4
16802.9     	15416.6
16823       	15424.7
16843.1     	15432.9
16863.1     	15441
16883.2     	15449
16903.3     	15457.1
16923.4     	15465.1
16943.4     	15473.1
16963.5     	15481.1
16983.6     	15489
17003.7     	15496.9
17023.7     	15504.8
17043.8     	15512.7
17063.9     	15520.5
17084       	15528.4
17104       	15536.2
17124.1     	15543.9
17144.2     	15551.7
17164.3     	15559.4
17184.4     	15567.1
17204.4     	15574.8
17224.5     	15582.4
17244.6     	15590.1
17264.7     	15597.7
17284.7     	15605.3
17304.8     	15612.8
17324.9     	15620.3
17345       	15627.8
17365       	15635.3
17385.1     	15642.8
17405.2     	15650.2
17425.3     	15657.6
17445.3     	15665
17465.4     	15672.4
17485.5     	15679.7
17505.6     	15687
17525.6     	15694.3
17545.7     	15701.5
17565.8     	15708.8
17585.9     	15716
17605.9     	15723.2
17626       	15730.3
17646.1     	15737.5
17666.2     	15744.6
17686.2     	15751.7
17706.3     	15758.7
17726.4     	15765.8
17746.5     	15772.8
17766.5     	15779.8
17786.6     	15786.8
17806.7     	15793.7
17826.8     	15800.6
17846.8     	15807.5
17866.9     	15814.4
17887       	15821.2
17907.1     	15828
17927.1     	15834.8
17947.2     	15841.6
17967.3     	15848.3
17987.4     	15855.1
18007.4     	15861.8
18027.5     	15868.4
18047.6     	15875.1
18067.7     	15881.7
18087.7     	15888.3
18107.8     	15894.9
18127.9     	15901.4
18148       	15907.9
18168       	15914.4
18188.1     	15920.9
18208.2     	15927.4
18228.3     	15933.8
18248.3     	15940.2
18268.4     	15946.6
18288.5     	15952.9
18308.6     	15959.3
18328.6     	15965.6
18348.7     	15971.8
18368.8     	15978.1
18388.9     	15984.3
18408.9     	15990.5
18429       	15996.7
18449.1     	16002.9
18469.2     	16009
18489.2     	16015.1
18509.3     	16021.2
18529.4     	16027.2
18549.5     	16033.3
18569.5     	16039.3
18589.6     	16045.3
18609.7     	16051.2
18629.8     	16057.2
18649.8     	16063.1
18669.9     	16069
18690       	16074.8
18710.1     	16080.7
18730.1     	16086.5
18750.2     	16092.3
18770.3     	16098
18790.4     	16103.8
18810.4     	16109.5
18830.5     	16115.2
18850.6     	16120.8
18870.7     	16126.5
18890.7     	16132.1
18910.8     	16137.7
18930.9     	16143.3
18951       	16148.8
18971       	16154.3
18991.1     	16159.8
19011.2     	16165.3
19031.3     	16170.7
19051.3     	16176.2
19071.4     	16181.5
19091.5     	16186.9
19111.6     	16192.3
19131.6     	16197.6
19151.7     	16202.9
19171.8     	16208.2
19191.9     	16213.4
19211.9     	16218.6
19232       	16223.8
19252.1     	16229
19272.2     	16234.2
19292.2     	16239.3
19312.3     	16244.4
19332.4     	16249.5
19352.5     	16254.5
19372.5     	16259.5
19392.6     	16264.6
19412.7     	16269.5
19432.8     	16274.5
19452.8     	16279.4
19472.9     	16284.3
19493       	16289.2
19513.1     	16294.1
19533.1     	16298.9
19553.2     	16303.7
19573.3     	16308.5
19593.4     	16313.2
19613.4     	16318
19633.5     	16322.7
19653.6     	16327.4
19673.7     	16332
19693.7     	16336.7
19713.8     	16341.3
19733.9     	16345.9
19754       	16350.4
19774       	16355
19794.1     	16359.5
19814.2     	16364
19834.3     	16368.4
19854.3     	16372.9
19874.4     	16377.3
19894.5     	16381.7
19914.6     	16386
19934.6     	16390.4
19954.7     	16394.7
19974.8     	16399
19994.9     	16403.3
20014.9     	16407.5
20035       	16411.7
20055.1     	16415.9
20075.2     	16420.1
20095.3     	16424.2
20115.3     	16428.4
20135.4     	16432.4
20155.5     	16436.5
20175.6     	16440.6
20195.6     	16444.6
20215.7     	16448.6
20235.8     	16452.6
20255.9     	16456.5
20275.9     	16460.4
20296       	16464.3
20316.1     	16468.2
20336.2     	16472.1
20356.2     	16475.9
20376.3     	16479.7
20396.4     	16483.5
20416.5     	16487.2
20436.5     	16490.9
20456.6     	16494.7
20476.7     	16498.3
20496.8     	16502
20516.8     	16505.6
20536.9     	16509.2
20557       	16512.8
20577.1     	16516.4
20597.1     	16519.9
20617.2     	16523.4
20637.3     	16526.9
20657.4     	16530.3
20677.4     	16533.8
20697.5     	16537.2
20717.6     	16540.6
20737.7     	16543.9
20757.7     	16547.3
20777.8     	16550.6
20797.9     	16553.9
20818       	16557.1
20838       	16560.4
20858.1     	16563.6
20878.2     	16566.8
20898.3     	16569.9
20918.3     	16573.1
20938.4     	16576.2
20958.5     	16579.3
20978.6     	16582.3
20998.6     	16585.4
21018.7     	16588.4
21038.8     	16591.4
21058.9     	16594.4
21078.9     	16597.3
21099       	16600.2
21119.1     	16603.1
21139.2     	16606
21159.2     	16608.8
21179.3     	16611.7
21199.4     	16614.5
21219.5     	16617.2
21239.5     	16620
21259.6     	16622.7
21279.7     	16625.4
21299.8     	16628.1
21319.8     	16630.7
21339.9     	16633.3
21360       	16635.9
21380.1     	16638.5
21400.1     	16641.1
21420.2     	16643.6
21440.3     	16646.1
21460.4     	16648.6
21480.4     	16651
21500.5     	16653.5
21520.6     	16655.9
21540.7     	16658.2
21560.7     	16660.6
21580.8     	16662.9
21600.9     	16665.2
21621       	16667.5
21641       	16669.8
21661.1     	16672
21681.2     	16674.2
21701.3     	16676.4
21721.3     	16678.6
21741.4     	16680.7
21761.5     	16682.8
21781.6     	16684.9
21801.6     	16686.9
21821.7     	16689
21841.8     	16691
21861.9     	16693
21881.9     	16694.9
21902       	16696.9
21922.1     	16698.8
21942.2     	16700.7
21962.2     	16702.5
21982.3     	16704.4
22002.4     	16706.2
22022.5     	16708
22042.5     	16709.8
22062.6     	16711.5
22082.7     	16713.2
22102.8     	16714.9
22122.8     	16716.6
22142.9     	16718.2
22163       	16719.8
22183.1     	16721.4
22203.1     	16723
22223.2     	16724.6
22243.3     	16726.1
22263.4     	16727.6
22283.4     	16729
22303.5     	16730.5
22323.6     	16731.9
22343.7     	16733.3
22363.7     	16734.7
22383.8     	16736
22403.9     	16737.4
22424       	16738.7
22444       	16739.9
22464.1     	16741.2
22484.2     	16742.4
22504.3     	16743.6
22524.3     	16744.8
22544.4     	16745.9
22564.5     	16747.1
22584.6     	16748.2
22604.6     	16749.3
22624.7     	16750.3
22644.8     	16751.3
22664.9     	16752.4
22684.9     	16753.3
22705       	16754.3
22725.1     	16755.2
22745.2     	16756.1
22765.2     	16757
22785.3     	16757.9
22805.4     	16758.7
22825.5     	16759.5
22845.5     	16760.3
22865.6     	16761.1
22885.7     	16761.8
22905.8     	16762.5
22925.9     	16763.2
22945.9     	16763.9
22966       	16764.5
22986.1     	16765.1
23006.2     	16765.7
23026.2     	16766.3
23046.3     	16766.8
23066.4     	16767.3
23086.5     	16767.8
23106.5     	16768.3
23126.6     	16768.7
23146.7     	16769.1
23166.8     	16769.5
23186.8     	16769.9
23206.9     	16770.2
23227       	16770.6
23247.1     	16770.9
23267.1     	16771.1
23287.2     	16771.4
23307.3     	16771.6
23327.4     	16771.8
23347.4     	16772
23367.5     	16772.1
23387.6     	16772.2
23407.7     	16772.3
23427.7     	16772.4
23447.8     	16772.5
23467.9     	16772.5
23488       	16772.5
23508       	16772.5
23528.1     	16772.4
23548.2     	16772.3
23568.3     	16772.2
23588.3     	16772.1
23608.4     	16772
23628.5     	16771.8
23648.6     	16771.6
23668.6     	16771.4
23688.7     	16771.1
23708.8     	16770.9
23728.9     	16770.6
23748.9     	16770.3
23769       	16769.9
23789.1     	16769.6
23809.2     	16769.2
23829.2     	16768.7
23849.3     	16768.3
23869.4     	16767.8
23889.5     	16767.3
23909.5     	16766.8
23929.6     	16766.3
23949.7     	16765.7
23969.8     	16765.1
23989.8     	16764.5
24009.9     	16763.9
24030       	16763.2
24050.1     	16762.5
24070.1     	16761.8
24090.2     	16761.1
24110.3     	16760.3
24130.4     	16759.6
24150.4     	16758.7
24170.5     	16757.9
24190.6     	16757.1
24210.7     	16756.2
24230.7     	16755.3
24250.8     	16754.3
24270.9     	16753.4
24291       	16752.4
24311       	16751.4
24331.1     	16750.4
24351.2     	16749.3
24371.3     	16748.2
24391.3     	16747.1
24411.4     	16746
24431.5     	16744.9
24451.6     	16743.7
24471.6     	16742.5
24491.7     	16741.2
24511.8     	16740
24531.9     	16738.7
24551.9     	16737.4
24572       	16736.1
24592.1     	16734.8
24612.2     	16733.4
24632.2     	16732
24652.3     	16730.6
24672.4     	16729.1
24692.5     	16727.6
24712.5     	16726.1
24732.6     	16724.6
24752.7     	16723.1
24772.8     	16721.5
24792.8     	16719.9
24812.9     	16718.3
24833       	16716.7
24853.1     	16715
24873.1     	16713.3
24893.2     	16711.6
24913.3     	16709.8
24933.4     	16708.1
24953.4     	16706.3
24973.5     	16704.5
24993.6     	16702.6
25013.7     	16700.8
25033.7     	16698.9
25053.8     	16697
25073.9     	16695
25094       	16693.1
25114       	16691.1
25134.1     	16689.1
25154.2     	16687
25174.3     	16685
25194.3     	16682.9
25214.4     	16680.8
25234.5     	16678.7
25254.6     	16676.5
25274.6     	16674.3
25294.7     	16672.1
25314.8     	16669.9
25334.9     	16667.6
25354.9     	16665.3
25375       	16663
25395.1     	16660.7
25415.2     	16658.4
25435.2     	16656
25455.3     	16653.6
25475.4     	16651.1
25495.5     	16648.7
25515.5     	16646.2
25535.6     	16643.7
25555.7     	16641.2
25575.8     	16638.6
25595.8     	16636.1
25615.9     	16633.5
25636       	16630.8
25656.1     	16628.2
25676.1     	16625.5
25696.2     	16622.8
25716.3     	16620.1
25736.4     	16617.4
25756.4     	16614.6
25776.5     	16611.8
25796.6     	16609
25816.7     	16606.1
25836.8     	16603.3
25856.8     	16600.4
25876.9     	16597.4
25897       	16594.5
25917.1     	16591.5
25937.1     	16588.5
25957.2     	16585.5
25977.3     	16582.5
25997.4     	16579.4
26017.4     	16576.3
26037.5     	16573.2
26057.6     	16570.1
26077.7     	16566.9
26097.7     	16563.7
26117.8     	16560.5
26137.9     	16557.3
26158       	16554
26178       	16550.7
26198.1     	16547.4
26218.2     	16544.1
26238.3     	16540.7
26258.3     	16537.4
26278.4     	16533.9
26298.5     	16530.5
26318.6     	16527.1
26338.6     	16523.6
26358.7     	16520.1
26378.8     	16516.5
26398.9     	16513
26418.9     	16509.4
26439       	16505.8
26459.1     	16502.2
26479.2     	16498.5
26499.2     	16494.8
26519.3     	16491.1
26539.4     	16487.4
26559.5     	16483.6
26579.5     	16479.9
26599.6     	16476.1
26619.7     	16472.2
26639.8     	16468.4
26659.8     	16464.5
26679.9     	16460.6
26700       	16456.7
26720.1     	16452.8
26740.1     	16448.8
26760.2     	16444.8
26780.3     	16440.8
26800.4     	16436.7
26820.4     	16432.6
26840.5     	16428.6
26860.6     	16424.4
26880.7     	16420.3
26900.7     	16416.1
26920.8     	16411.9
26940.9     	16407.7
26961       	16403.5
26981       	16399.2
27001.1     	16394.9
27021.2     	16390.6
27041.3     	16386.3
27061.3     	16381.9
27081.4     	16377.5
27101.5     	16373.1
27121.6     	16368.6
27141.6     	16364.2
27161.7     	16359.7
27181.8     	16355.2
27201.9     	16350.6
27221.9     	16346.1
27242       	16341.5
27262.1     	16336.9
27282.2     	16332.3
27302.2     	16327.6
27322.3     	16322.9
27342.4     	16318.2
27362.5     	16313.5
27382.5     	16308.7
27402.6     	16303.9
27422.7     	16299.1
27442.8     	16294.3
27462.8     	16289.4
27482.9     	16284.6
27503       	16279.7
27523.1     	16274.7
27543.1     	16269.8
27563.2     	16264.8
27583.3     	16259.8
27603.4     	16254.8
27623.4     	16249.7
27643.5     	16244.6
27663.6     	16239.5
27683.7     	16234.4
27703.7     	16229.3
27723.8     	16224.1
27743.9     	16218.9
27764       	16213.7
27784       	16208.4
27804.1     	16203.1
27824.2     	16197.8
27844.3     	16192.5
27864.3     	16187.2
27884.4     	16181.8
27904.5     	16176.4
27924.6     	16171
27944.6     	16165.6
27964.7     	16160.1
27984.8     	16154.6
28004.9     	16149.1
28024.9     	16143.5
28045       	16138
28065.1     	16132.4
28085.2     	16126.8
28105.2     	16121.1
28125.3     	16115.5
28145.4     	16109.8
28165.5     	16104.1
28185.5     	16098.3
28205.6     	16092.5
28225.7     	16086.8
28245.8     	16080.9
28265.8     	16075.1
28285.9     	16069.3
28306       	16063.4
28326.1     	16057.5
28346.1     	16051.5
28366.2     	16045.6
28386.3     	16039.6
28406.4     	16033.6
28426.4     	16027.5
28446.5     	16021.5
28466.6     	16015.4
28486.7     	16009.3
28506.7     	16003.2
28526.8     	15997
28546.9     	15990.8
28567       	15984.6
28587       	15978.4
28607.1     	15972.1
28627.2     	15965.9
28647.3     	15959.6
28667.4     	15953.2
28687.4     	15946.9
28707.5     	15940.5
28727.6     	15934.1
28747.7     	15927.7
28767.7     	15921.2
28787.8     	15914.8
28807.9     	15908.3
28828       	15901.7
28848       	15895.2
28868.1     	15888.6
28888.2     	15882
28908.3     	15875.4
28928.3     	15868.8
28948.4     	15862.1
28968.5     	15855.4
28988.6     	15848.7
29008.6     	15841.9
29028.7     	15835.2
29048.8     	15828.4
29068.9     	15821.5
29088.9     	15814.7
29109       	15807.8
29129.1     	15800.9
29149.2     	15794
29169.2     	15787.1
29189.3     	15780.1
29209.4     	15773.1
29229.5     	15766.1
29249.5     	15759.1
29269.6     	15752
29289.7     	15744.9
29309.8     	15737.8
29329.8     	15730.7
29349.9     	15723.5
29370       	15716.3
29390.1     	15709.1
29410.1     	15701.9
29430.2     	15694.6
29450.3     	15687.4
29470.4     	15680.1
29490.4     	15672.7
29510.5     	15665.4
29530.6     	15658
29550.7     	15650.6
29570.7     	15643.1
29590.8     	15635.7
29610.9     	15628.2
29631       	15620.7
29651       	15613.2
29671.1     	15605.6
29691.2     	15598
29711.3     	15590.4
29731.3     	15582.8
29751.4     	15575.2
29771.5     	15567.5
29791.6     	15559.8
29811.6     	15552.1
29831.7     	15544.3
29851.8     	15536.5
29871.9     	15528.7
29891.9     	15520.9
29912       	15513.1
29932.1     	15505.2
29952.2     	15497.3
29972.2     	15489.4
29992.3     	15481.4
30012.4     	15473.5
30032.5     	15465.5
30052.5     	15457.5
30072.6     	15449.4
30092.7     	15441.3
30112.8     	15433.3
30132.8     	15425.1
30152.9     	15417
30173       	15408.8
30193.1     	15400.6
30213.1     	15392.4
30233.2     	15384.2
30253.3     	15375.9
30273.4     	15367.6
30293.4     	15359.3
30313.5     	15351
30333.6     	15342.6
30353.7     	15334.2
30373.7     	15325.8
30393.8     	15317.4
30413.9     	15308.9
30434       	15300.4
30454       	15291.9
30474.1     	15283.4
30494.2     	15274.8
30514.3     	15266.2
30534.3     	15257.6
30554.4     	15249
30574.5     	15240.4
30594.6     	15231.7
30614.6     	15223
30634.7     	15214.2
30654.8     	15205.5
30674.9     	15196.7
30694.9     	15187.9
30715       	15179.1
30735.1     	15170.2
30755.2     	15161.3
30775.2     	15152.4
30795.3     	15143.5
30815.4     	15134.6
30835.5     	15125.6
30855.5     	15116.6
30875.6     	15107.6
30895.7     	15098.5
30915.8     	15089.4
30935.8     	15080.3
30955.9     	15071.2
30976       	15062.1
30996.1     	15052.9
31016.1     	15043.7
31036.2     	15034.5
31056.3     	15025.2
31076.4     	15016
31096.4     	15006.7
31116.5     	14997.3
31136.6     	14988
31156.7     	14978.6
31176.7     	14969.2
31196.8     	14959.8
31216.9     	14950.4
31237       	14940.9
31257       	14931.4
31277.1     	14921.9
31297.2     	14912.4
31317.3     	14902.8
31337.3     	14893.2
31357.4     	14883.6
31377.5     	14874
31397.6     	14864.3
31417.6     	14854.6
31437.7     	14844.9
31457.8     	14835.2
31477.9     	14825.4
31498       	14815.6
31518       	14805.8
31538.1     	14796
31558.2     	14786.1
31578.3     	14776.2
31598.3     	14766.3
31618.4     	14756.4
31638.5     	14746.4
31658.6     	14736.5
31678.6     	14726.5
31698.7     	14716.4
31718.8     	14706.4
31738.9     	14696.3
31758.9     	14686.2
31779       	14676.1
31799.1     	14665.9
31819.2     	14655.7
31839.2     	14645.5
31859.3     	14635.3
31879.4     	14625.1
31899.5     	14614.8
31919.5     	14604.5
31939.6     	14594.2
31959.7     	14583.8
31979.8     	14573.4
31999.8     	14563
32019.9     	14552.6
32040       	14542.2
32060.1     	14531.7
32080.1     	14521.2
32100.2     	14510.7
32120.3     	14500.1
32140.4     	14489.6
32160.4     	14479
32180.5     	14468.4
32200.6     	14457.7
32220.7     	14447
32240.7     	14436.3
32260.8     	14425.6
32280.9     	14414.9
32301       	14404.1
32321       	14393.3
32341.1     	14382.5
32361.2     	14371.7
32381.3     	14360.8
32401.3     	14349.9
32421.4     	14339
32441.5     	14328.1
32461.6     	14317.1
32481.6     	14306.1
32501.7     	14295.1
32521.8     	14284.1
32541.9     	14273
32561.9     	14261.9
32582       	14250.8
32602.1     	14239.7
32622.2     	14228.5
32642.2     	14217.4
32662.3     	14206.1
32682.4     	14194.9
32702.5     	14183.7
32722.5     	14172.4
32742.6     	14161.1
32762.7     	14149.7
32782.8     	14138.4
32802.8     	14127
32822.9     	14115.6
32843       	14104.2
32863.1     	14092.7
32883.1     	14081.2
32903.2     	14069.7
32923.3     	14058.2
32943.4     	14046.7
32963.4     	14035.1
32983.5     	14023.5
33003.6     	14011.9
33023.7     	14000.2
33043.7     	13988.5
33063.8     	13976.8
33083.9     	13965.1
33104       	13953.4
33124       	13941.6
33144.1     	13929.8
33164.2     	13918
33184.3     	13906.1
33204.3     	13894.3
33224.4     	13882.4
33244.5     	13870.5
33264.6     	13858.5
33284.6     	13846.6
33304.7     	13834.6
33324.8     	13822.5
33344.9     	13810.5
33364.9     	13798.4
33385       	13786.3
33405.1     	13774.2
33425.2     	13762.1
33445.2     	13749.9
33465.3     	13737.7
33485.4     	13725.5
33505.5     	13713.3
33525.5     	13701
33545.6     	13688.7
33565.7     	13676.4
33585.8     	13664.1
33605.8     	13651.7
33625.9     	13639.4
33646       	13626.9
33666.1     	13614.5
33686.1     	13602.1
33706.2     	13589.6
33726.3     	13577.1
33746.4     	13564.5
33766.4     	13552
33786.5     	13539.4
33806.6     	13526.8
33826.7     	13514.2
33846.7     	13501.5
33866.8     	13488.8
33886.9     	13476.1
33907       	13463.4
33927       	13450.6
33947.1     	13437.9
33967.2     	13425.1
33987.3     	13412.2
34007.3     	13399.4
34027.4     	13386.5
34047.5     	13373.6
34067.6     	13360.7
34087.6     	13347.7
34107.7     	13334.8
34127.8     	13321.8
34147.9     	13308.7
34167.9     	13295.7
34188       	13282.6
34208.1     	13269.5
34228.2     	13256.4
34248.2     	13243.3
34268.3     	13230.1
34288.4     	13216.9
34308.5     	13203.7
34328.5     	13190.4
34348.6     	13177.2
34368.7     	13163.9
34388.8     	13150.6
34408.9     	13137.2
34428.9     	13123.9
34449       	13110.5
34469.1     	13097.1
34489.2     	13083.6
34509.2     	13070.2
34529.3     	13056.7
34549.4     	13043.2
34569.5     	13029.6
34589.5     	13016.1
34609.6     	13002.5
34629.7     	12988.9
34649.8     	12975.2
34669.8     	12961.6
34689.9     	12947.9
34710       	12934.2
34730.1     	12920.4
34750.1     	12906.7
34770.2     	12892.9
34790.3     	12879.1
34810.4     	12865.3
34830.4     	12851.4
34850.5     	12837.5
34870.6     	12823.6
34890.7     	12809.7
34910.7     	12795.7
34930.8     	12781.8
34950.9     	12767.7
34971       	12753.7
34991       	12739.7
35011.1     	12725.6
35031.2     	12711.5
35051.3     	12697.4
35071.3     	12683.2
35091.4     	12669
35111.5     	12654.8
35131.6     	12640.6
35151.6     	12626.4
35171.7     	12612.1
35191.8     	12597.8
35211.9     	12583.5
35231.9     	12569.1
35252       	12554.8
35272.1     	12540.4
35292.2     	12525.9
35312.2     	12511.5
35332.3     	12497
35352.4     	12482.5
35372.5     	12468
35392.5     	12453.5
35412.6     	12438.9
35432.7     	12424.3
35452.8     	12409.7
35472.8     	12395.1
35492.9     	12380.4
35513       	12365.7
35533.1     	12351
35553.1     	12336.2
35573.2     	12321.5
35593.3     	12306.7
35613.4     	12291.9
35633.4     	12277
35653.5     	12262.2
35673.6     	12247.3
35693.7     	12232.4
35713.7     	12217.5
35733.8     	12202.5
35753.9     	12187.5
35774       	12172.5
35794       	12157.5
35814.1     	12142.4
35834.2     	12127.3
35854.3     	12112.2
35874.3     	12097.1
35894.4     	12081.9
35914.5     	12066.8
35934.6     	12051.5
35954.6     	12036.3
35974.7     	12021.1
35994.8     	12005.8
36014.9     	11990.5
36034.9     	11975.2
36055       	11959.8
36075.1     	11944.4
36095.2     	11929
36115.2     	11913.6
36135.3     	11898.2
36155.4     	11882.7
36175.5     	11867.2
36195.5     	11851.7
36215.6     	11836.1
36235.7     	11820.5
36255.8     	11804.9
36275.8     	11789.3
36295.9     	11773.7
36316       	11758
36336.1     	11742.3
36356.1     	11726.6
36376.2     	11710.8
36396.3     	11695.1
36416.4     	11679.3
36436.4     	11663.5
36456.5     	11647.6
36476.6     	11631.7
36496.7     	11615.9
36516.7     	11599.9
36536.8     	11584
36556.9     	11568
36577       	11552
36597       	11536
36617.1     	11520
36637.2     	11503.9
36657.3     	11487.8
36677.3     	11471.7
36697.4     	11455.6
36717.5     	11439.4
36737.6     	11423.2
36757.6     	11407
36777.7     	11390.8
36797.8     	11374.5
36817.9     	11358.3
36837.9     	11341.9
36858       	11325.6
36878.1     	11309.3
36898.2     	11292.9
36918.2     	11276.5
36938.3     	11260
36958.4     	11243.6
36978.5     	11227.1
36998.5     	11210.6
37018.6     	11194.1
37038.7     	11177.5
37058.8     	11160.9
37078.8     	11144.3
37098.9     	11127.7
37119       	11111.1
37139.1     	11094.4
37159.1     	11077.7
37179.2     	11060.9
37199.3     	11044.2
37219.4     	11027.4
37239.5     	11010.6
37259.5     	10993.8
37279.6     	10977
37299.7     	10960.1
37319.8     	10943.2
37339.8     	10926.3
37359.9     	10909.3
37380       	10892.3
37400.1     	10875.3
37420.1     	10858.3
37440.2     	10841.3
37460.3     	10824.2
37480.4     	10807.1
37500.4     	10790
37520.5     	10772.9
37540.6     	10755.7
37560.7     	10738.5
37580.7     	10721.3
37600.8     	10704
37620.9     	10686.8
37641       	10669.5
37661       	10652.2
37681.1     	10634.8
37701.2     	10617.5
37721.3     	10600.1
37741.3     	10582.7
37761.4     	10565.2
37781.5     	10547.8
37801.6     	10530.3
37821.6     	10512.8
37841.7     	10495.2
37861.8     	10477.7
37881.9     	10460.1
37901.9     	10442.5
37922       	10424.9
37942.1     	10407.2
37962.2     	10389.5
37982.2     	10371.8
38002.3     	10354.1
38022.4     	10336.3
38042.5     	10318.6
38062.5     	10300.7
38082.6     	10282.9
38102.7     	10265.1
38122.8     	10247.2
38142.8     	10229.3
38162.9     	10211.4
38183       	10193.4
38203.1     	10175.4
38223.1     	10157.4
38243.2     	10139.4
38263.3     	10121.4
38283.4     	10103.3
38303.4     	10085.2
38323.5     	10067.1
38343.6     	10048.9
38363.7     	10030.7
38383.7     	10012.5
38403.8     	9994.32
38423.9     	9976.07
38444       	9957.8
38464       	9939.51
38484.1     	9921.19
38504.2     	9902.84
38524.3     	9884.47
38544.3     	9866.08
38564.4     	9847.66
38584.5     	9829.22
38604.6     	9810.75
38624.6     	9792.26
38644.7     	9773.75
38664.8     	9755.21
38684.9     	9736.64
38704.9     	9718.05
38725       	9699.44
38745.1     	9680.8
38765.2     	9662.14
38785.2     	9643.45
38805.3     	9624.74
38825.4     	9606
38845.5     	9587.24
38865.5     	9568.46
38885.6     	9549.65
38905.7     	9530.81
38925.8     	9511.95
38945.8     	9493.07
38965.9     	9474.16
38986       	9455.23
39006.1     	9436.27
39026.1     	9417.29
39046.2     	9398.28
39066.3     	9379.25
39086.4     	9360.2
39106.4     	9341.12
39126.5     	9322.01
39146.6     	9302.88
39166.7     	9283.73
39186.7     	9264.55
39206.8     	9245.35
39226.9     	9226.12
39247       	9206.87
39267       	9187.59
39287.1     	9168.29
39307.2     	9148.97
39327.3     	9129.62
39347.3     	9110.24
39367.4     	9090.85
39387.5     	9071.42
39407.6     	9051.98
39427.6     	9032.5
39447.7     	9013.01
39467.8     	8993.48
39487.9     	8973.94
39507.9     	8954.37
39528       	8934.77
39548.1     	8915.15
39568.2     	8895.51
39588.2     	8875.84
39608.3     	8856.15
39628.4     	8836.43
39648.5     	8816.69
39668.5     	8796.92
39688.6     	8777.13
39708.7     	8757.32
39728.8     	8737.48
39748.8     	8717.61
39768.9     	8697.72
39789       	8677.81
39809.1     	8657.87
39829.1     	8637.91
39849.2     	8617.92
39869.3     	8597.91
39889.4     	8577.87
39909.4     	8557.81
39929.5     	8537.73
39949.6     	8517.62
39969.7     	8497.48
39989.7     	8477.32
40009.8     	8457.14
40029.9     	8436.93
40050       	8416.7
40070       	8396.44
40090.1     	8376.16
40110.2     	8355.85
40130.3     	8335.52
40150.4     	8315.17
40170.4     	8294.79
40190.5     	8274.38
40210.6     	8253.96
40230.7     	8233.5
40250.7     	8213.02
40270.8     	8192.52
40290.9     	8172
40311       	8151.44
40331       	8130.87
40351.1     	8110.27
40371.2     	8089.64
40391.3     	8068.99
40411.3     	8048.32
40431.4     	8027.62
40451.5     	8006.9
40471.6     	7986.15
40491.6     	7965.38
40511.7     	7944.58
40531.8     	7923.76
40551.9     	7902.91
40571.9     	7882.04
40592       	7861.15
40612.1     	7840.23
40632.2     	7819.29
40652.2     	7798.32
40672.3     	7777.33
40692.4     	7756.31
40712.5     	7735.27
40732.5     	7714.2
40752.6     	7693.11
40772.7     	7671.99
40792.8     	7650.85
40812.8     	7629.69
40832.9     	7608.5
40853       	7587.29
40873.1     	7566.05
40893.1     	7544.79
40913.2     	7523.5
40933.3     	7502.19
40953.4     	7480.85
40973.4     	7459.49
40993.5     	7438.11
41013.6     	7416.7
41033.7     	7395.26
41053.7     	7373.8
41073.8     	7352.32
41093.9     	7330.81
41114       	7309.28
41134       	7287.72
41154.1     	7266.14
41174.2     	7244.54
41194.3     	7222.9
41214.3     	7201.25
41234.4     	7179.57
41254.5     	7157.87
41274.6     	7136.14
41294.6     	7114.38
41314.7     	7092.61
41334.8     	7070.8
41354.9     	7048.98
41374.9     	7027.13
41395       	7005.25
41415.1     	6983.35
41435.2     	6961.43
41455.2     	6939.48
41475.3     	6917.5
41495.4     	6895.5
41515.5     	6873.48
41535.5     	6851.43
41555.6     	6829.36
41575.7     	6807.27
41595.8     	6785.15
41615.8     	6763
41635.9     	6740.83
41656       	6718.64
41676.1     	6696.42
41696.1     	6674.17
41716.2     	6651.9
41736.3     	6629.61
41756.4     	6607.29
41776.4     	6584.95
41796.5     	6562.59
41816.6     	6540.2
41836.7     	6517.78
41856.7     	6495.34
41876.8     	6472.88
41896.9     	6450.39
41917       	6427.87
41937       	6405.34
41957.1     	6382.77
41977.2     	6360.19
41997.3     	6337.58
42017.3     	6314.94
42037.4     	6292.28
42057.5     	6269.59
42077.6     	6246.88
42097.6     	6224.15
42117.7     	6201.39
42137.8     	6178.61
42157.9     	6155.8
42177.9     	6132.97
42198       	6110.11
42218.1     	6087.23
42238.2     	6064.33
42258.2     	6041.4
42278.3     	6018.44
42298.4     	5995.46
42318.5     	5972.46
42338.5     	5949.43
42358.6     	5926.38
42378.7     	5903.3
42398.8     	5880.2
42418.8     	5857.07
42438.9     	5833.92
42459       	5810.74
42479.1     	5787.54
42499.1     	5764.32
42519.2     	5741.07
42539.3     	5717.8
42559.4     	5694.5
42579.4     	5671.18
42599.5     	5647.83
42619.6     	5624.46
42639.7     	5601.06
42659.7     	5577.64
42679.8     	5554.19
42699.9     	5530.72
42720       	5507.23
42740       	5483.71
42760.1     	5460.17
42780.2     	5436.6
42800.3     	5413.01
42820.3     	5389.39
42840.4     	5365.75
42860.5     	5342.08
42880.6     	5318.39
42900.6     	5294.68
42920.7     	5270.94
42940.8     	5247.17
42960.9     	5223.38
42981       	5199.57
43001       	5175.73
43021.1     	5151.87
43041.2     	5127.98
43061.3     	5104.07
43081.3     	5080.14
43101.4     	5056.18
43121.5     	5032.19
43141.6     	5008.18
43161.6     	4984.15
43181.7     	4960.09
43201.8     	4936.01
43221.9     	4911.9
43241.9     	4887.77
43262       	4863.61
43282.1     	4839.43
43302.2     	4815.23
43322.2     	4791
43342.3     	4766.74
43362.4     	4742.46
43382.5     	4718.16
43402.5     	4693.83
43422.6     	4669.48
43442.7     	4645.1
43462.8     	4620.7
43482.8     	4596.27
43502.9     	4571.82
43523       	4547.35
43543.1     	4522.85
43563.1     	4498.32
43583.2     	4473.77
43603.3     	4449.2
43623.4     	4424.6
43643.4     	4399.98
43663.5     	4375.33
43683.6     	4350.66
43703.7     	4325.96
43723.7     	4301.24
43743.8     	4276.5
43763.9     	4251.73
43784       	4226.93
43804       	4202.12
43824.1     	4177.27
43844.2     	4152.4
43864.3     	4127.51
43884.3     	4102.6
43904.4     	4077.65
43924.5     	4052.69
43944.6     	4027.7
43964.6     	4002.68
43984.7     	3977.64
44004.8     	3952.58
44024.9     	3927.49
44044.9     	3902.38
44065       	3877.24
44085.1     	3852.08
44105.2     	3826.89
44125.2     	3801.68
44145.3     	3776.45
44165.4     	3751.18
44185.5     	3725.9
44205.5     	3700.59
44225.6     	3675.26
44245.7     	3649.9
44265.8     	3624.52
44285.8     	3599.11
44305.9     	3573.68
44326       	3548.22
44346.1     	3522.74
44366.1     	3497.23
44386.2     	3471.7
44406.3     	3446.15
44426.4     	3420.57
44446.4     	3394.97
44466.5     	3369.34
44486.6     	3343.69
44506.7     	3318.01
44526.7     	3292.31
44546.8     	3266.58
44566.9     	3240.83
44587       	3215.06
44607       	3189.26
44627.1     	3163.43
44647.2     	3137.58
44667.3     	3111.71
44687.3     	3085.81
44707.4     	3059.89
44727.5     	3033.94
44747.6     	3007.97
44767.6     	2981.98
44787.7     	2955.96
44807.8     	2929.91
44827.9     	2903.84
44847.9     	2877.75
44868       	2851.63
44888.1     	2825.49
44908.2     	2799.32
44928.2     	2773.13
44948.3     	2746.91
44968.4     	2720.67
44988.5     	2694.4
45008.5     	2668.11
45028.6     	2641.8
45048.7     	2615.46
45068.8     	2589.09
45088.8     	2562.71
45108.9     	2536.29
45129       	2509.86
45149.1     	2483.39
45169.1     	2456.91
45189.2     	2430.4
45209.3     	2403.86
45229.4     	2377.3
45249.4     	2350.72
45269.5     	2324.11
45289.6     	2297.47
45309.7     	2270.82
45329.7     	2244.13
45349.8     	2217.43
45369.9     	2190.69
45390       	2163.94
45410       	2137.16
45430.1     	2110.35
45450.2     	2083.52
45470.3     	2056.67
45490.3     	2029.79
45510.4     	2002.89
45530.5     	1975.96
45550.6     	1949.01
45570.6     	1922.03
45590.7     	1895.03
45610.8     	1868
45630.9     	1840.95
45650.9     	1813.88
45671       	1786.78
45691.1     	1759.65
45711.2     	1732.5
45731.2     	1705.33
45751.3     	1678.13
45771.4     	1650.91
45791.5     	1623.66
45811.5     	1596.39
45831.6     	1569.1
45851.7     	1541.78
45871.8     	1514.43
45891.9     	1487.06
45911.9     	1459.67
45932       	1432.25
45952.1     	1404.81
45972.2     	1377.34
45992.2     	1349.85
46012.3     	1322.33
46032.4     	1294.79
46052.5     	1267.23
46072.5     	1239.64
46092.6     	1212.02
46112.7     	1184.38
46132.8     	1156.72
46152.8     	1129.03
46172.9     	1101.32
46193       	1073.58
46213.1     	1045.82
46233.1     	1018.03
46253.2     	990.222
46273.3     	962.387
46293.4     	934.527
46313.4     	906.643
46333.5     	878.734
46353.6     	850.801
46373.7     	822.843
46393.7     	794.86
46413.8     	766.854
46433.9     	738.822
46454       	710.766
46474       	682.686
46494.1     	654.58
46514.2     	626.451
46534.3     	598.297
46554.3     	570.118
46574.4     	541.915
46594.5     	513.687
46614.6     	485.435
46634.6     	457.158
46654.7     	428.857
46674.8     	400.531
46694.9     	372.181
46714.9     	343.806
46735       	315.407
46755.1     	286.983
46775.2     	258.535
46795.2     	230.062
46815.3     	201.564
46835.4     	173.042
46855.5     	144.496
46875.5     	115.925
46895.6     	87.3291
46915.7     	58.7091
46935.8     	30.0645
46955.8     	1.39532
46975.9     	0
