0           	0
24.7487     	24.7487
49.4975     	49.4729
74.2462     	74.1726
98.9949     	98.8478
123.744     	123.498
148.492     	148.125
173.241     	172.726
197.99      	197.303
222.739     	221.856
247.487     	246.384
272.236     	270.887
296.985     	295.366
321.734     	319.821
346.482     	344.251
371.231     	368.656
395.98      	393.037
420.729     	417.393
445.477     	441.725
470.226     	466.032
494.975     	490.315
519.723     	514.573
544.472     	538.807
569.221     	563.016
593.97      	587.201
618.718     	611.361
643.467     	635.497
668.216     	659.608
692.965     	683.694
717.713     	707.756
742.462     	731.794
767.211     	755.807
791.96      	779.795
816.708     	803.759
841.457     	827.699
866.206     	851.613
890.955     	875.504
915.703     	899.37
940.452     	923.211
965.201     	947.028
989.949     	970.82
1014.7      	994.588
1039.45     	1018.33
1064.2      	1042.05
1088.94     	1065.74
1113.69     	1089.41
1138.44     	1113.06
1163.19     	1136.68
1187.94     	1160.28
1212.69     	1183.85
1237.44     	1207.39
1262.19     	1230.92
1286.93     	1254.41
1311.68     	1277.89
1336.43     	1301.34
1361.18     	1324.76
1385.93     	1348.16
1410.68     	1371.54
1435.43     	1394.89
1460.18     	1418.21
1484.92     	1441.51
1509.67     	1464.79
1534.42     	1488.04
1559.17     	1511.27
1583.92     	1534.48
1608.67     	1557.66
1633.42     	1580.81
1658.17     	1603.94
1682.91     	1627.05
1707.66     	1650.13
1732.41     	1673.18
1757.16     	1696.22
1781.91     	1719.22
1806.66     	1742.21
1831.41     	1765.16
1856.16     	1788.1
1880.9      	1811.01
1905.65     	1833.89
1930.4      	1856.75
1955.15     	1879.59
1979.9      	1902.4
2004.65     	1925.19
2029.4      	1947.95
2054.15     	1970.69
2078.89     	1993.4
2103.64     	2016.09
2128.39     	2038.75
2153.14     	2061.39
2177.89     	2084.01
2202.64     	2106.6
2227.39     	2129.16
2252.14     	2151.71
2276.88     	2174.22
2301.63     	2196.71
2326.38     	2219.18
2351.13     	2241.63
2375.88     	2264.04
2400.63     	2286.44
2425.38     	2308.81
2450.12     	2331.15
2474.87     	2353.47
2499.62     	2375.77
2524.37     	2398.04
2549.12     	2420.29
2573.87     	2442.51
2598.62     	2464.71
2623.37     	2486.88
2648.11     	2509.03
2672.86     	2531.16
2697.61     	2553.26
2722.36     	2575.33
2747.11     	2597.38
2771.86     	2619.41
2796.61     	2641.41
2821.36     	2663.39
2846.1      	2685.34
2870.85     	2707.27
2895.6      	2729.18
2920.35     	2751.05
2945.1      	2772.91
2969.85     	2794.74
2994.6      	2816.55
3019.35     	2838.33
3044.09     	2860.08
3068.84     	2881.82
3093.59     	2903.52
3118.34     	2925.21
3143.09     	2946.87
3167.84     	2968.5
3192.59     	2990.11
3217.34     	3011.69
3242.08     	3033.25
3266.83     	3054.79
3291.58     	3076.3
3316.33     	3097.79
3341.08     	3119.25
3365.83     	3140.69
3390.58     	3162.1
3415.33     	3183.49
3440.07     	3204.86
3464.82     	3226.19
3489.57     	3247.51
3514.32     	3268.8
3539.07     	3290.07
3563.82     	3311.31
3588.57     	3332.53
3613.32     	3353.72
3638.06     	3374.89
3662.81     	3396.03
3687.56     	3417.15
3712.31     	3438.24
3737.06     	3459.31
3761.81     	3480.36
3786.56     	3501.38
3811.31     	3522.38
3836.05     	3543.35
3860.8      	3564.3
3885.55     	3585.22
3910.3      	3606.12
3935.05     	3626.99
3959.8      	3647.84
3984.55     	3668.66
4009.3      	3689.46
4034.04     	3710.24
4058.79     	3730.99
4083.54     	3751.72
4108.29     	3772.42
4133.04     	3793.1
4157.79     	3813.75
4182.54     	3834.38
4207.29     	3854.98
4232.03     	3875.56
4256.78     	3896.12
4281.53     	3916.65
4306.28     	3937.15
4331.03     	3957.64
4355.78     	3978.09
4380.53     	3998.53
4405.28     	4018.93
4430.02     	4039.32
4454.77     	4059.67
4479.52     	4080.01
4504.27     	4100.32
4529.02     	4120.6
4553.77     	4140.86
4578.52     	4161.1
4603.27     	4181.31
4628.01     	4201.5
4652.76     	4221.66
4677.51     	4241.8
4702.26     	4261.91
4727.01     	4282
4751.76     	4302.07
4776.51     	4322.11
4801.26     	4342.12
4826        	4362.11
4850.75     	4382.08
4875.5      	4402.02
4900.25     	4421.94
4925        	4441.83
4949.75     	4461.7
4974.5      	4481.54
4999.24     	4501.36
5023.99     	4521.16
5048.74     	4540.93
5073.49     	4560.67
5098.24     	4580.39
5122.99     	4600.09
5147.74     	4619.76
5172.49     	4639.41
5197.23     	4659.03
5221.98     	4678.63
5246.73     	4698.21
5271.48     	4717.76
5296.23     	4737.28
5320.98     	4756.78
5345.73     	4776.26
5370.48     	4795.71
5395.22     	4815.13
5419.97     	4834.54
5444.72     	4853.91
5469.47     	4873.27
5494.22     	4892.6
5518.97     	4911.9
5543.72     	4931.18
5568.47     	4950.44
5593.21     	4969.67
5617.96     	4988.87
5642.71     	5008.05
5667.46     	5027.21
5692.21     	5046.34
5716.96     	5065.45
5741.71     	5084.54
5766.46     	5103.59
5791.2      	5122.63
5815.95     	5141.64
5840.7      	5160.62
5865.45     	5179.58
5890.2      	5198.52
5914.95     	5217.43
5939.7      	5236.32
5964.45     	5255.18
5989.19     	5274.02
6013.94     	5292.83
6038.69     	5311.62
6063.44     	5330.39
6088.19     	5349.13
6112.94     	5367.84
6137.69     	5386.54
6162.44     	5405.2
6187.18     	5423.84
6211.93     	5442.46
6236.68     	5461.05
6261.43     	5479.62
6286.18     	5498.17
6310.93     	5516.69
6335.68     	5535.18
6360.43     	5553.65
6385.17     	5572.1
6409.92     	5590.52
6434.67     	5608.91
6459.42     	5627.29
6484.17     	5645.63
6508.92     	5663.96
6533.67     	5682.26
6558.42     	5700.53
6583.16     	5718.78
6607.91     	5737.01
6632.66     	5755.21
6657.41     	5773.38
6682.16     	5791.53
6706.91     	5809.66
6731.66     	5827.76
6756.41     	5845.84
6781.15     	5863.89
6805.9      	5881.92
6830.65     	5899.93
6855.4      	5917.91
6880.15     	5935.86
6904.9      	5953.79
6929.65     	5971.7
6954.4      	5989.58
6979.14     	6007.44
7003.89     	6025.27
7028.64     	6043.08
7053.39     	6060.86
7078.14     	6078.62
7102.89     	6096.36
7127.64     	6114.07
7152.39     	6131.75
7177.13     	6149.41
7201.88     	6167.05
7226.63     	6184.66
7251.38     	6202.25
7276.13     	6219.81
7300.88     	6237.35
7325.63     	6254.86
7350.37     	6272.35
7375.12     	6289.82
7399.87     	6307.26
7424.62     	6324.67
7449.37     	6342.07
7474.12     	6359.43
7498.87     	6376.78
7523.62     	6394.09
7548.36     	6411.39
7573.11     	6428.65
7597.86     	6445.9
7622.61     	6463.12
7647.36     	6480.31
7672.11     	6497.48
7696.86     	6514.63
7721.61     	6531.75
7746.35     	6548.85
7771.1      	6565.92
7795.85     	6582.97
7820.6      	6599.99
7845.35     	6616.99
7870.1      	6633.96
7894.85     	6650.91
7919.6      	6667.84
7944.34     	6684.74
7969.09     	6701.62
7993.84     	6718.47
8018.59     	6735.3
8043.34     	6752.1
8068.09     	6768.88
8092.84     	6785.63
8117.59     	6802.36
8142.33     	6819.06
8167.08     	6835.74
8191.83     	6852.4
8216.58     	6869.03
8241.33     	6885.64
8266.08     	6902.22
8290.83     	6918.78
8315.58     	6935.31
8340.32     	6951.82
8365.07     	6968.3
8389.82     	6984.76
8414.57     	7001.19
8439.32     	7017.61
8464.07     	7033.99
8488.82     	7050.35
8513.57     	7066.69
8538.31     	7083
8563.06     	7099.29
8587.81     	7115.55
8612.56     	7131.79
8637.31     	7148
8662.06     	7164.19
8686.81     	7180.36
8711.56     	7196.5
8736.3      	7212.62
8761.05     	7228.71
8785.8      	7244.77
8810.55     	7260.82
8835.3      	7276.83
8860.05     	7292.83
8884.8      	7308.8
8909.55     	7324.74
8934.29     	7340.66
8959.04     	7356.55
8983.79     	7372.43
9008.54     	7388.27
9033.29     	7404.09
9058.04     	7419.89
9082.79     	7435.66
9107.54     	7451.41
9132.28     	7467.13
9157.03     	7482.83
9181.78     	7498.51
9206.53     	7514.16
9231.28     	7529.78
9256.03     	7545.38
9280.78     	7560.96
9305.53     	7576.51
9330.27     	7592.04
9355.02     	7607.54
9379.77     	7623.02
9404.52     	7638.47
9429.27     	7653.9
9454.02     	7669.31
9478.77     	7684.69
9503.52     	7700.04
9528.26     	7715.38
9553.01     	7730.68
9577.76     	7745.96
9602.51     	7761.22
9627.26     	7776.46
9652.01     	7791.66
9676.76     	7806.85
9701.51     	7822.01
9726.25     	7837.14
9751        	7852.25
9775.75     	7867.34
9800.5      	7882.4
9825.25     	7897.44
9850        	7912.45
9874.75     	7927.44
9899.49     	7942.4
9924.24     	7957.34
9948.99     	7972.25
9973.74     	7987.14
9998.49     	8002.01
10023.2     	8016.85
10048       	8031.66
10072.7     	8046.46
10097.5     	8061.22
10122.2     	8075.97
10147       	8090.68
10171.7     	8105.38
10196.5     	8120.05
10221.2     	8134.69
10246       	8149.31
10270.7     	8163.91
10295.5     	8178.48
10320.2     	8193.02
10345       	8207.54
10369.7     	8222.04
10394.5     	8236.51
10419.2     	8250.96
10444       	8265.39
10468.7     	8279.79
10493.5     	8294.16
10518.2     	8308.51
10543       	8322.84
10567.7     	8337.14
10592.5     	8351.41
10617.2     	8365.67
10642       	8379.89
10666.7     	8394.1
10691.5     	8408.28
10716.2     	8422.43
10741       	8436.56
10765.7     	8450.66
10790.4     	8464.74
10815.2     	8478.8
10839.9     	8492.83
10864.7     	8506.84
10889.4     	8520.82
10914.2     	8534.78
10938.9     	8548.71
10963.7     	8562.62
10988.4     	8576.5
11013.2     	8590.36
11037.9     	8604.2
11062.7     	8618.01
11087.4     	8631.8
11112.2     	8645.56
11136.9     	8659.29
11161.7     	8673.01
11186.4     	8686.69
11211.2     	8700.36
11235.9     	8714
11260.7     	8727.61
11285.4     	8741.2
11310.2     	8754.77
11334.9     	8768.31
11359.7     	8781.82
11384.4     	8795.31
11409.2     	8808.78
11433.9     	8822.22
11458.7     	8835.64
11483.4     	8849.04
11508.2     	8862.41
11532.9     	8875.75
11557.7     	8889.07
11582.4     	8902.37
11607.2     	8915.64
11631.9     	8928.88
11656.7     	8942.11
11681.4     	8955.3
11706.2     	8968.48
11730.9     	8981.62
11755.7     	8994.75
11780.4     	9007.85
11805.1     	9020.92
11829.9     	9033.97
11854.6     	9047
11879.4     	9060
11904.1     	9072.98
11928.9     	9085.93
11953.6     	9098.86
11978.4     	9111.76
12003.1     	9124.64
12027.9     	9137.49
12052.6     	9150.32
12077.4     	9163.13
12102.1     	9175.91
12126.9     	9188.66
12151.6     	9201.4
12176.4     	9214.1
12201.1     	9226.78
12225.9     	9239.44
12250.6     	9252.08
12275.4     	9264.68
12300.1     	9277.27
12324.9     	9289.83
12349.6     	9302.36
12374.4     	9314.87
12399.1     	9327.36
12423.9     	9339.82
12448.6     	9352.26
12473.4     	9364.67
12498.1     	9377.06
12522.9     	9389.42
12547.6     	9401.76
12572.4     	9414.08
12597.1     	9426.37
12621.9     	9438.63
12646.6     	9450.87
12671.4     	9463.09
12696.1     	9475.28
12720.9     	9487.45
12745.6     	9499.59
12770.3     	9511.71
12795.1     	9523.81
12819.8     	9535.87
12844.6     	9547.92
12869.3     	9559.94
12894.1     	9571.94
12918.8     	9583.91
12943.6     	9595.85
12968.3     	9607.78
12993.1     	9619.67
13017.8     	9631.55
13042.6     	9643.4
13067.3     	9655.22
13092.1     	9667.02
13116.8     	9678.79
13141.6     	9690.54
13166.3     	9702.27
13191.1     	9713.97
13215.8     	9725.65
13240.6     	9737.3
13265.3     	9748.93
13290.1     	9760.53
13314.8     	9772.11
13339.6     	9783.67
13364.3     	9795.19
13389.1     	9806.7
13413.8     	9818.18
13438.6     	9829.64
13463.3     	9841.07
13488.1     	9852.48
13512.8     	9863.86
13537.6     	9875.22
13562.3     	9886.55
13587.1     	9897.86
13611.8     	9909.14
13636.6     	9920.4
13661.3     	9931.64
13686.1     	9942.85
13710.8     	9954.04
13735.5     	9965.2
13760.3     	9976.34
13785       	9987.45
13809.8     	9998.54
13834.5     	10009.6
13859.3     	10020.6
13884       	10031.7
13908.8     	10042.6
13933.5     	10053.6
13958.3     	10064.6
13983       	10075.5
14007.8     	10086.4
14032.5     	10097.2
14057.3     	10108.1
14082       	10118.9
14106.8     	10129.7
14131.5     	10140.5
14156.3     	10151.2
14181       	10161.9
14205.8     	10172.6
14230.5     	10183.3
14255.3     	10193.9
14280       	10204.6
14304.8     	10215.2
14329.5     	10225.7
14354.3     	10236.3
14379       	10246.8
14403.8     	10257.3
14428.5     	10267.8
14453.3     	10278.2
14478       	10288.7
14502.8     	10299.1
14527.5     	10309.4
14552.3     	10319.8
14577       	10330.1
14601.8     	10340.4
14626.5     	10350.7
14651.3     	10360.9
14676       	10371.2
14700.7     	10381.4
14725.5     	10391.6
14750.2     	10401.7
14775       	10411.9
14799.7     	10422
14824.5     	10432
14849.2     	10442.1
14874       	10452.1
14898.7     	10462.1
14923.5     	10472.1
14948.2     	10482.1
14973       	10492
14997.7     	10501.9
15022.5     	10511.8
15047.2     	10521.7
15072       	10531.5
15096.7     	10541.3
15121.5     	10551.1
15146.2     	10560.9
15171       	10570.6
15195.7     	10580.3
15220.5     	10590
15245.2     	10599.7
15270       	10609.3
15294.7     	10619
15319.5     	10628.5
15344.2     	10638.1
15369       	10647.7
15393.7     	10657.2
15418.5     	10666.7
15443.2     	10676.1
15468       	10685.6
15492.7     	10695
15517.5     	10704.4
15542.2     	10713.8
15567       	10723.1
15591.7     	10732.4
15616.5     	10741.7
15641.2     	10751
15666       	10760.3
15690.7     	10769.5
15715.4     	10778.7
15740.2     	10787.9
15764.9     	10797
15789.7     	10806.1
15814.4     	10815.2
15839.2     	10824.3
15863.9     	10833.4
15888.7     	10842.4
15913.4     	10851.4
15938.2     	10860.4
15962.9     	10869.3
15987.7     	10878.3
16012.4     	10887.2
16037.2     	10896.1
16061.9     	10904.9
16086.7     	10913.7
16111.4     	10922.6
16136.2     	10931.3
16160.9     	10940.1
16185.7     	10948.8
16210.4     	10957.5
16235.2     	10966.2
16259.9     	10974.9
16284.7     	10983.5
16309.4     	10992.1
16334.2     	11000.7
16358.9     	11009.3
16383.7     	11017.8
16408.4     	11026.3
16433.2     	11034.8
16457.9     	11043.3
16482.7     	11051.7
16507.4     	11060.1
16532.2     	11068.5
16556.9     	11076.9
16581.7     	11085.2
16606.4     	11093.6
16631.2     	11101.8
16655.9     	11110.1
16680.6     	11118.4
16705.4     	11126.6
16730.1     	11134.8
16754.9     	11142.9
16779.6     	11151.1
16804.4     	11159.2
16829.1     	11167.3
16853.9     	11175.4
16878.6     	11183.4
16903.4     	11191.4
16928.1     	11199.4
16952.9     	11207.4
16977.6     	11215.4
17002.4     	11223.3
17027.1     	11231.2
17051.9     	11239.1
17076.6     	11246.9
17101.4     	11254.7
17126.1     	11262.5
17150.9     	11270.3
17175.6     	11278.1
17200.4     	11285.8
17225.1     	11293.5
17249.9     	11301.2
17274.6     	11308.8
17299.4     	11316.5
17324.1     	11324.1
17348.9     	11331.7
17373.6     	11339.2
17398.4     	11346.7
17423.1     	11354.3
17447.9     	11361.7
17472.6     	11369.2
17497.4     	11376.6
17522.1     	11384
17546.9     	11391.4
17571.6     	11398.8
17596.4     	11406.1
17621.1     	11413.4
17645.8     	11420.7
17670.6     	11428
17695.3     	11435.2
17720.1     	11442.4
17744.8     	11449.6
17769.6     	11456.8
17794.3     	11463.9
17819.1     	11471
17843.8     	11478.1
17868.6     	11485.2
17893.3     	11492.2
17918.1     	11499.3
17942.8     	11506.2
17967.6     	11513.2
17992.3     	11520.2
18017.1     	11527.1
18041.8     	11534
18066.6     	11540.8
18091.3     	11547.7
18116.1     	11554.5
18140.8     	11561.3
18165.6     	11568.1
18190.3     	11574.8
18215.1     	11581.5
18239.8     	11588.2
18264.6     	11594.9
18289.3     	11601.6
18314.1     	11608.2
18338.8     	11614.8
18363.6     	11621.4
18388.3     	11627.9
18413.1     	11634.4
18437.8     	11641
18462.6     	11647.4
18487.3     	11653.9
18512.1     	11660.3
18536.8     	11666.7
18561.6     	11673.1
18586.3     	11679.4
18611.1     	11685.8
18635.8     	11692.1
18660.5     	11698.4
18685.3     	11704.6
18710       	11710.9
18734.8     	11717.1
18759.5     	11723.2
18784.3     	11729.4
18809       	11735.5
18833.8     	11741.6
18858.5     	11747.7
18883.3     	11753.8
18908       	11759.8
18932.8     	11765.8
18957.5     	11771.8
18982.3     	11777.8
19007       	11783.7
19031.8     	11789.6
19056.5     	11795.5
19081.3     	11801.4
19106       	11807.2
19130.8     	11813.1
19155.5     	11818.8
19180.3     	11824.6
19205       	11830.4
19229.8     	11836.1
19254.5     	11841.8
19279.3     	11847.4
19304       	11853.1
19328.8     	11858.7
19353.5     	11864.3
19378.3     	11869.9
19403       	11875.4
19427.8     	11880.9
19452.5     	11886.4
19477.3     	11891.9
19502       	11897.3
19526.8     	11902.8
19551.5     	11908.2
19576.3     	11913.5
19601       	11918.9
19625.7     	11924.2
19650.5     	11929.5
19675.2     	11934.8
19700       	11940
19724.7     	11945.3
19749.5     	11950.5
19774.2     	11955.6
19799       	11960.8
19823.7     	11965.9
19848.5     	11971
19873.2     	11976.1
19898       	11981.2
19922.7     	11986.2
19947.5     	11991.2
19972.2     	11996.2
19997       	12001.1
20021.7     	12006.1
20046.5     	12011
20071.2     	12015.9
20096       	12020.7
20120.7     	12025.6
20145.5     	12030.4
20170.2     	12035.2
20195       	12039.9
20219.7     	12044.7
20244.5     	12049.4
20269.2     	12054.1
20294       	12058.7
20318.7     	12063.4
20343.5     	12068
20368.2     	12072.6
20393       	12077.1
20417.7     	12081.7
20442.5     	12086.2
20467.2     	12090.7
20492       	12095.1
20516.7     	12099.6
20541.5     	12104
20566.2     	12108.4
20590.9     	12112.8
20615.7     	12117.1
20640.4     	12121.4
20665.2     	12125.7
20689.9     	12130
20714.7     	12134.2
20739.4     	12138.5
20764.2     	12142.6
20788.9     	12146.8
20813.7     	12151
20838.4     	12155.1
20863.2     	12159.2
20887.9     	12163.3
20912.7     	12167.3
20937.4     	12171.3
20962.2     	12175.3
20986.9     	12179.3
21011.7     	12183.3
21036.4     	12187.2
21061.2     	12191.1
21085.9     	12195
21110.7     	12198.8
21135.4     	12202.7
21160.2     	12206.5
21184.9     	12210.2
21209.7     	12214
21234.4     	12217.7
21259.2     	12221.4
21283.9     	12225.1
21308.7     	12228.8
21333.4     	12232.4
21358.2     	12236
21382.9     	12239.6
21407.7     	12243.2
21432.4     	12246.7
21457.2     	12250.2
21481.9     	12253.7
21506.7     	12257.1
21531.4     	12260.6
21556.2     	12264
21580.9     	12267.4
21605.6     	12270.7
21630.4     	12274.1
21655.1     	12277.4
21679.9     	12280.7
21704.6     	12284
21729.4     	12287.2
21754.1     	12290.4
21778.9     	12293.6
21803.6     	12296.8
21828.4     	12299.9
21853.1     	12303
21877.9     	12306.1
21902.6     	12309.2
21927.4     	12312.2
21952.1     	12315.3
21976.9     	12318.2
22001.6     	12321.2
22026.4     	12324.2
22051.1     	12327.1
22075.9     	12330
22100.6     	12332.9
22125.4     	12335.7
22150.1     	12338.5
22174.9     	12341.3
22199.6     	12344.1
22224.4     	12346.8
22249.1     	12349.6
22273.9     	12352.3
22298.6     	12355
22323.4     	12357.6
22348.1     	12360.2
22372.9     	12362.8
22397.6     	12365.4
22422.4     	12368
22447.1     	12370.5
22471.9     	12373
22496.6     	12375.5
22521.4     	12377.9
22546.1     	12380.4
22570.8     	12382.8
22595.6     	12385.2
22620.3     	12387.5
22645.1     	12389.8
22669.8     	12392.2
22694.6     	12394.4
22719.3     	12396.7
22744.1     	12398.9
22768.8     	12401.1
22793.6     	12403.3
22818.3     	12405.5
22843.1     	12407.6
22867.8     	12409.7
22892.6     	12411.8
22917.3     	12413.9
22942.1     	12415.9
22966.8     	12417.9
22991.6     	12419.9
23016.3     	12421.9
23041.1     	12423.8
23065.8     	12425.8
23090.6     	12427.6
23115.3     	12429.5
23140.1     	12431.4
23164.8     	12433.2
23189.6     	12435
23214.3     	12436.7
23239.1     	12438.5
23263.8     	12440.2
23288.6     	12441.9
23313.3     	12443.6
23338.1     	12445.2
23362.8     	12446.8
23387.6     	12448.4
23412.3     	12450
23437.1     	12451.5
23461.8     	12453.1
23486.6     	12454.6
23511.3     	12456
23536       	12457.5
23560.8     	12458.9
23585.5     	12460.3
23610.3     	12461.7
23635       	12463
23659.8     	12464.4
23684.5     	12465.7
23709.3     	12467
23734       	12468.2
23758.8     	12469.4
23783.5     	12470.6
23808.3     	12471.8
23833       	12473
23857.8     	12474.1
23882.5     	12475.2
23907.3     	12476.3
23932       	12477.4
23956.8     	12478.4
23981.5     	12479.4
24006.3     	12480.4
24031       	12481.3
24055.8     	12482.3
24080.5     	12483.2
24105.3     	12484.1
24130       	12484.9
24154.8     	12485.8
24179.5     	12486.6
24204.3     	12487.4
24229       	12488.1
24253.8     	12488.9
24278.5     	12489.6
24303.3     	12490.3
24328       	12490.9
24352.8     	12491.6
24377.5     	12492.2
24402.3     	12492.8
24427       	12493.4
24451.8     	12493.9
24476.5     	12494.4
24501.2     	12494.9
24526       	12495.4
24550.7     	12495.8
24575.5     	12496.2
24600.2     	12496.6
24625       	12497
24649.7     	12497.4
24674.5     	12497.7
24699.2     	12498
24724       	12498.3
24748.7     	12498.5
24773.5     	12498.7
24798.2     	12498.9
24823       	12499.1
24847.7     	12499.2
24872.5     	12499.4
24897.2     	12499.5
24922       	12499.6
24946.7     	12499.6
24971.5     	12499.6
24996.2     	12499.6
25021       	12499.6
25045.7     	12499.6
25070.5     	12499.5
25095.2     	12499.4
25120       	12499.3
25144.7     	12499.1
25169.5     	12499
25194.2     	12498.8
25219       	12498.6
25243.7     	12498.3
25268.5     	12498
25293.2     	12497.8
25318       	12497.4
25342.7     	12497.1
25367.5     	12496.7
25392.2     	12496.3
25417       	12495.9
25441.7     	12495.5
25466.5     	12495
25491.2     	12494.5
25515.9     	12494
25540.7     	12493.5
25565.4     	12492.9
25590.2     	12492.3
25614.9     	12491.7
25639.7     	12491.1
25664.4     	12490.4
25689.2     	12489.8
25713.9     	12489.1
25738.7     	12488.3
25763.4     	12487.6
25788.2     	12486.8
25812.9     	12486
25837.7     	12485.1
25862.4     	12484.3
25887.2     	12483.4
25911.9     	12482.5
25936.7     	12481.6
25961.4     	12480.6
25986.2     	12479.6
26010.9     	12478.6
26035.7     	12477.6
26060.4     	12476.6
26085.2     	12475.5
26109.9     	12474.4
26134.7     	12473.3
26159.4     	12472.1
26184.2     	12470.9
26208.9     	12469.7
26233.7     	12468.5
26258.4     	12467.3
26283.2     	12466
26307.9     	12464.7
26332.7     	12463.4
26357.4     	12462
26382.2     	12460.7
26406.9     	12459.3
26431.7     	12457.8
26456.4     	12456.4
26481.1     	12454.9
26505.9     	12453.4
26530.6     	12451.9
26555.4     	12450.4
26580.1     	12448.8
26604.9     	12447.2
26629.6     	12445.6
26654.4     	12444
26679.1     	12442.3
26703.9     	12440.6
26728.6     	12438.9
26753.4     	12437.2
26778.1     	12435.4
26802.9     	12433.6
26827.6     	12431.8
26852.4     	12430
26877.1     	12428.1
26901.9     	12426.2
26926.6     	12424.3
26951.4     	12422.4
26976.1     	12420.4
27000.9     	12418.4
27025.6     	12416.4
27050.4     	12414.4
27075.1     	12412.3
27099.9     	12410.3
27124.6     	12408.1
27149.4     	12406
27174.1     	12403.9
27198.9     	12401.7
27223.6     	12399.5
27248.4     	12397.2
27273.1     	12395
27297.9     	12392.7
27322.6     	12390.4
27347.4     	12388.1
27372.1     	12385.7
27396.9     	12383.4
27421.6     	12381
27446.3     	12378.5
27471.1     	12376.1
27495.8     	12373.6
27520.6     	12371.1
27545.3     	12368.6
27570.1     	12366
27594.8     	12363.5
27619.6     	12360.9
27644.3     	12358.3
27669.1     	12355.6
27693.8     	12352.9
27718.6     	12350.2
27743.3     	12347.5
27768.1     	12344.8
27792.8     	12342
27817.6     	12339.2
27842.3     	12336.4
27867.1     	12333.6
27891.8     	12330.7
27916.6     	12327.8
27941.3     	12324.9
27966.1     	12321.9
27990.8     	12319
28015.6     	12316
28040.3     	12313
28065.1     	12309.9
28089.8     	12306.9
28114.6     	12303.8
28139.3     	12300.7
28164.1     	12297.5
28188.8     	12294.4
28213.6     	12291.2
28238.3     	12288
28263.1     	12284.8
28287.8     	12281.5
28312.6     	12278.2
28337.3     	12274.9
28362.1     	12271.6
28386.8     	12268.2
28411.6     	12264.8
28436.3     	12261.4
28461       	12258
28485.8     	12254.5
28510.5     	12251.1
28535.3     	12247.6
28560       	12244
28584.8     	12240.5
28609.5     	12236.9
28634.3     	12233.3
28659       	12229.7
28683.8     	12226
28708.5     	12222.3
28733.3     	12218.6
28758       	12214.9
28782.8     	12211.2
28807.5     	12207.4
28832.3     	12203.6
28857       	12199.8
28881.8     	12195.9
28906.5     	12192.1
28931.3     	12188.2
28956       	12184.2
28980.8     	12180.3
29005.5     	12176.3
29030.3     	12172.3
29055       	12168.3
29079.8     	12164.3
29104.5     	12160.2
29129.3     	12156.1
29154       	12152
29178.8     	12147.8
29203.5     	12143.7
29228.3     	12139.5
29253       	12135.3
29277.8     	12131
29302.5     	12126.8
29327.3     	12122.5
29352       	12118.2
29376.8     	12113.8
29401.5     	12109.5
29426.2     	12105.1
29451       	12100.7
29475.7     	12096.2
29500.5     	12091.8
29525.2     	12087.3
29550       	12082.8
29574.7     	12078.2
29599.5     	12073.7
29624.2     	12069.1
29649       	12064.5
29673.7     	12059.9
29698.5     	12055.2
29723.2     	12050.5
29748       	12045.8
29772.7     	12041.1
29797.5     	12036.3
29822.2     	12031.5
29847       	12026.7
29871.7     	12021.9
29896.5     	12017.1
29921.2     	12012.2
29946       	12007.3
29970.7     	12002.4
29995.5     	11997.4
30020.2     	11992.4
30045       	11987.4
30069.7     	11982.4
30094.5     	11977.4
30119.2     	11972.3
30144       	11967.2
30168.7     	11962.1
30193.5     	11956.9
30218.2     	11951.7
30243       	11946.5
30267.7     	11941.3
30292.5     	11936.1
30317.2     	11930.8
30342       	11925.5
30366.7     	11920.2
30391.4     	11914.9
30416.2     	11909.5
30440.9     	11904.1
30465.7     	11898.7
30490.4     	11893.2
30515.2     	11887.8
30539.9     	11882.3
30564.7     	11876.8
30589.4     	11871.2
30614.2     	11865.7
30638.9     	11860.1
30663.7     	11854.5
30688.4     	11848.8
30713.2     	11843.2
30737.9     	11837.5
30762.7     	11831.8
30787.4     	11826
30812.2     	11820.3
30836.9     	11814.5
30861.7     	11808.7
30886.4     	11802.8
30911.2     	11797
30935.9     	11791.1
30960.7     	11785.2
30985.4     	11779.3
31010.2     	11773.3
31034.9     	11767.3
31059.7     	11761.3
31084.4     	11755.3
31109.2     	11749.2
31133.9     	11743.1
31158.7     	11737
31183.4     	11730.9
31208.2     	11724.8
31232.9     	11718.6
31257.7     	11712.4
31282.4     	11706.2
31307.2     	11699.9
31331.9     	11693.6
31356.7     	11687.3
31381.4     	11681
31406.1     	11674.7
31430.9     	11668.3
31455.6     	11661.9
31480.4     	11655.5
31505.1     	11649
31529.9     	11642.5
31554.6     	11636
31579.4     	11629.5
31604.1     	11623
31628.9     	11616.4
31653.6     	11609.8
31678.4     	11603.2
31703.1     	11596.6
31727.9     	11589.9
31752.6     	11583.2
31777.4     	11576.5
31802.1     	11569.7
31826.9     	11563
31851.6     	11556.2
31876.4     	11549.4
31901.1     	11542.5
31925.9     	11535.7
31950.6     	11528.8
31975.4     	11521.9
32000.1     	11514.9
32024.9     	11508
32049.6     	11501
32074.4     	11494
32099.1     	11486.9
32123.9     	11479.9
32148.6     	11472.8
32173.4     	11465.7
32198.1     	11458.5
32222.9     	11451.4
32247.6     	11444.2
32272.4     	11437
32297.1     	11429.8
32321.9     	11422.5
32346.6     	11415.2
32371.3     	11407.9
32396.1     	11400.6
32420.8     	11393.2
32445.6     	11385.9
32470.3     	11378.5
32495.1     	11371
32519.8     	11363.6
32544.6     	11356.1
32569.3     	11348.6
32594.1     	11341.1
32618.8     	11333.5
32643.6     	11325.9
32668.3     	11318.3
32693.1     	11310.7
32717.8     	11303.1
32742.6     	11295.4
32767.3     	11287.7
32792.1     	11280
32816.8     	11272.2
32841.6     	11264.5
32866.3     	11256.7
32891.1     	11248.8
32915.8     	11241
32940.6     	11233.1
32965.3     	11225.2
32990.1     	11217.3
33014.8     	11209.4
33039.6     	11201.4
33064.3     	11193.4
33089.1     	11185.4
33113.8     	11177.4
33138.6     	11169.3
33163.3     	11161.2
33188.1     	11153.1
33212.8     	11144.9
33237.6     	11136.8
33262.3     	11128.6
33287.1     	11120.4
33311.8     	11112.1
33336.5     	11103.9
33361.3     	11095.6
33386       	11087.3
33410.8     	11078.9
33435.5     	11070.6
33460.3     	11062.2
33485       	11053.8
33509.8     	11045.4
33534.5     	11036.9
33559.3     	11028.4
33584       	11019.9
33608.8     	11011.4
33633.5     	11002.8
33658.3     	10994.2
33683       	10985.6
33707.8     	10977
33732.5     	10968.4
33757.3     	10959.7
33782       	10951
33806.8     	10942.2
33831.5     	10933.5
33856.3     	10924.7
33881       	10915.9
33905.8     	10907.1
33930.5     	10898.2
33955.3     	10889.4
33980       	10880.5
34004.8     	10871.5
34029.5     	10862.6
34054.3     	10853.6
34079       	10844.6
34103.8     	10835.6
34128.5     	10826.5
34153.3     	10817.5
34178       	10808.4
34202.8     	10799.3
34227.5     	10790.1
34252.3     	10780.9
34277       	10771.8
34301.7     	10762.5
34326.5     	10753.3
34351.2     	10744
34376       	10734.7
34400.7     	10725.4
34425.5     	10716.1
34450.2     	10706.7
34475       	10697.3
34499.7     	10687.9
34524.5     	10678.5
34549.2     	10669
34574       	10659.5
34598.7     	10650
34623.5     	10640.5
34648.2     	10630.9
34673       	10621.3
34697.7     	10611.7
34722.5     	10602.1
34747.2     	10592.4
34772       	10582.7
34796.7     	10573
34821.5     	10563.3
34846.2     	10553.5
34871       	10543.7
34895.7     	10533.9
34920.5     	10524.1
34945.2     	10514.2
34970       	10504.4
34994.7     	10494.5
35019.5     	10484.5
35044.2     	10474.6
35069       	10464.6
35093.7     	10454.6
35118.5     	10444.6
35143.2     	10434.5
35168       	10424.4
35192.7     	10414.3
35217.5     	10404.2
35242.2     	10394.1
35267       	10383.9
35291.7     	10373.7
35316.4     	10363.5
35341.2     	10353.2
35365.9     	10342.9
35390.7     	10332.6
35415.4     	10322.3
35440.2     	10312
35464.9     	10301.6
35489.7     	10291.2
35514.4     	10280.8
35539.2     	10270.3
35563.9     	10259.9
35588.7     	10249.4
35613.4     	10238.9
35638.2     	10228.3
35662.9     	10217.8
35687.7     	10207.2
35712.4     	10196.5
35737.2     	10185.9
35761.9     	10175.2
35786.7     	10164.5
35811.4     	10153.8
35836.2     	10143.1
35860.9     	10132.3
35885.7     	10121.5
35910.4     	10110.7
35935.2     	10099.9
35959.9     	10089
35984.7     	10078.1
36009.4     	10067.2
36034.2     	10056.3
36058.9     	10045.3
36083.7     	10034.4
36108.4     	10023.3
36133.2     	10012.3
36157.9     	10001.3
36182.7     	9990.17
36207.4     	9979.07
36232.2     	9967.94
36256.9     	9956.78
36281.6     	9945.6
36306.4     	9934.4
36331.1     	9923.17
36355.9     	9911.91
36380.6     	9900.63
36405.4     	9889.33
36430.1     	9878
36454.9     	9866.65
36479.6     	9855.27
36504.4     	9843.87
36529.1     	9832.45
36553.9     	9821
36578.6     	9809.52
36603.4     	9798.02
36628.1     	9786.5
36652.9     	9774.95
36677.6     	9763.38
36702.4     	9751.78
36727.1     	9740.16
36751.9     	9728.51
36776.6     	9716.84
36801.4     	9705.15
36826.1     	9693.43
36850.9     	9681.68
36875.6     	9669.91
36900.4     	9658.12
36925.1     	9646.3
36949.9     	9634.46
36974.6     	9622.59
36999.4     	9610.7
37024.1     	9598.78
37048.9     	9586.84
37073.6     	9574.88
37098.4     	9562.89
37123.1     	9550.87
37147.9     	9538.84
37172.6     	9526.77
37197.4     	9514.68
37222.1     	9502.57
37246.8     	9490.44
37271.6     	9478.27
37296.3     	9466.09
37321.1     	9453.88
37345.8     	9441.64
37370.6     	9429.38
37395.3     	9417.1
37420.1     	9404.79
37444.8     	9392.46
37469.6     	9380.1
37494.3     	9367.72
37519.1     	9355.31
37543.8     	9342.88
37568.6     	9330.42
37593.3     	9317.94
37618.1     	9305.44
37642.8     	9292.91
37667.6     	9280.36
37692.3     	9267.78
37717.1     	9255.18
37741.8     	9242.55
37766.6     	9229.9
37791.3     	9217.22
37816.1     	9204.52
37840.8     	9191.79
37865.6     	9179.04
37890.3     	9166.27
37915.1     	9153.47
37939.8     	9140.65
37964.6     	9127.8
37989.3     	9114.93
38014.1     	9102.03
38038.8     	9089.11
38063.6     	9076.16
38088.3     	9063.19
38113.1     	9050.19
38137.8     	9037.17
38162.6     	9024.13
38187.3     	9011.06
38212.1     	8997.97
38236.8     	8984.85
38261.5     	8971.71
38286.3     	8958.54
38311       	8945.35
38335.8     	8932.13
38360.5     	8918.89
38385.3     	8905.63
38410       	8892.34
38434.8     	8879.02
38459.5     	8865.69
38484.3     	8852.32
38509       	8838.94
38533.8     	8825.52
38558.5     	8812.09
38583.3     	8798.63
38608       	8785.14
38632.8     	8771.63
38657.5     	8758.09
38682.3     	8744.54
38707       	8730.95
38731.8     	8717.34
38756.5     	8703.71
38781.3     	8690.05
38806       	8676.37
38830.8     	8662.66
38855.5     	8648.93
38880.3     	8635.18
38905       	8621.4
38929.8     	8607.59
38954.5     	8593.76
38979.3     	8579.91
39004       	8566.03
39028.8     	8552.13
39053.5     	8538.2
39078.3     	8524.25
39103       	8510.27
39127.8     	8496.27
39152.5     	8482.25
39177.3     	8468.2
39202       	8454.12
39226.7     	8440.03
39251.5     	8425.9
39276.2     	8411.75
39301       	8397.58
39325.7     	8383.38
39350.5     	8369.16
39375.2     	8354.92
39400       	8340.65
39424.7     	8326.35
39449.5     	8312.03
39474.2     	8297.69
39499       	8283.32
39523.7     	8268.93
39548.5     	8254.51
39573.2     	8240.07
39598       	8225.6
39622.7     	8211.11
39647.5     	8196.59
39672.2     	8182.05
39697       	8167.49
39721.7     	8152.9
39746.5     	8138.28
39771.2     	8123.65
39796       	8108.98
39820.7     	8094.3
39845.5     	8079.58
39870.2     	8064.85
39895       	8050.09
39919.7     	8035.3
39944.5     	8020.49
39969.2     	8005.66
39994       	7990.8
40018.7     	7975.91
40043.5     	7961
40068.2     	7946.07
40093       	7931.11
40117.7     	7916.13
40142.5     	7901.13
40167.2     	7886.1
40191.9     	7871.04
40216.7     	7855.96
40241.4     	7840.86
40266.2     	7825.73
40290.9     	7810.57
40315.7     	7795.4
40340.4     	7780.19
40365.2     	7764.97
40389.9     	7749.71
40414.7     	7734.44
40439.4     	7719.14
40464.2     	7703.81
40488.9     	7688.46
40513.7     	7673.09
40538.4     	7657.69
40563.2     	7642.27
40587.9     	7626.82
40612.7     	7611.35
40637.4     	7595.85
40662.2     	7580.33
40686.9     	7564.78
40711.7     	7549.21
40736.4     	7533.62
40761.2     	7518
40785.9     	7502.35
40810.7     	7486.69
40835.4     	7470.99
40860.2     	7455.28
40884.9     	7439.53
40909.7     	7423.77
40934.4     	7407.98
40959.2     	7392.16
40983.9     	7376.32
41008.7     	7360.46
41033.4     	7344.57
41058.2     	7328.65
41082.9     	7312.71
41107.7     	7296.75
41132.4     	7280.76
41157.2     	7264.75
41181.9     	7248.72
41206.6     	7232.66
41231.4     	7216.57
41256.1     	7200.46
41280.9     	7184.33
41305.6     	7168.17
41330.4     	7151.98
41355.1     	7135.78
41379.9     	7119.54
41404.6     	7103.29
41429.4     	7087
41454.1     	7070.7
41478.9     	7054.37
41503.6     	7038.01
41528.4     	7021.63
41553.1     	7005.23
41577.9     	6988.8
41602.6     	6972.35
41627.4     	6955.87
41652.1     	6939.37
41676.9     	6922.84
41701.6     	6906.29
41726.4     	6889.71
41751.1     	6873.11
41775.9     	6856.49
41800.6     	6839.84
41825.4     	6823.16
41850.1     	6806.46
41874.9     	6789.74
41899.6     	6772.99
41924.4     	6756.22
41949.1     	6739.43
41973.9     	6722.6
41998.6     	6705.76
42023.4     	6688.89
42048.1     	6671.99
42072.9     	6655.07
42097.6     	6638.13
42122.4     	6621.16
42147.1     	6604.17
42171.8     	6587.15
42196.6     	6570.11
42221.3     	6553.04
42246.1     	6535.95
42270.8     	6518.84
42295.6     	6501.7
42320.3     	6484.53
42345.1     	6467.34
42369.8     	6450.13
42394.6     	6432.89
42419.3     	6415.63
42444.1     	6398.34
42468.8     	6381.03
42493.6     	6363.7
42518.3     	6346.33
42543.1     	6328.95
42567.8     	6311.54
42592.6     	6294.11
42617.3     	6276.65
42642.1     	6259.16
42666.8     	6241.66
42691.6     	6224.12
42716.3     	6206.57
42741.1     	6188.98
42765.8     	6171.38
42790.6     	6153.75
42815.3     	6136.09
42840.1     	6118.41
42864.8     	6100.71
42889.6     	6082.98
42914.3     	6065.23
42939.1     	6047.45
42963.8     	6029.65
42988.6     	6011.82
43013.3     	5993.97
43038.1     	5976.09
43062.8     	5958.19
43087.6     	5940.27
43112.3     	5922.32
43137       	5904.35
43161.8     	5886.35
43186.5     	5868.33
43211.3     	5850.28
43236       	5832.21
43260.8     	5814.11
43285.5     	5795.99
43310.3     	5777.84
43335       	5759.67
43359.8     	5741.48
43384.5     	5723.26
43409.3     	5705.02
43434       	5686.75
43458.8     	5668.46
43483.5     	5650.14
43508.3     	5631.8
43533       	5613.43
43557.8     	5595.04
43582.5     	5576.62
43607.3     	5558.18
43632       	5539.72
43656.8     	5521.23
43681.5     	5502.72
43706.3     	5484.18
43731       	5465.62
43755.8     	5447.03
43780.5     	5428.42
43805.3     	5409.78
43830       	5391.12
43854.8     	5372.44
43879.5     	5353.73
43904.3     	5334.99
43929       	5316.24
43953.8     	5297.45
43978.5     	5278.64
44003.3     	5259.81
44028       	5240.96
44052.8     	5222.07
44077.5     	5203.17
44102.2     	5184.24
44127       	5165.28
44151.7     	5146.3
44176.5     	5127.3
44201.2     	5108.27
44226       	5089.22
44250.7     	5070.14
44275.5     	5051.04
44300.2     	5031.91
44325       	5012.76
44349.7     	4993.59
44374.5     	4974.39
44399.2     	4955.16
44424       	4935.91
44448.7     	4916.64
44473.5     	4897.34
44498.2     	4878.02
44523       	4858.67
44547.7     	4839.3
44572.5     	4819.9
44597.2     	4800.48
44622       	4781.04
44646.7     	4761.57
44671.5     	4742.07
44696.2     	4722.55
44721       	4703.01
44745.7     	4683.44
44770.5     	4663.85
44795.2     	4644.23
44820       	4624.59
44844.7     	4604.93
44869.5     	4585.24
44894.2     	4565.52
44919       	4545.78
44943.7     	4526.02
44968.5     	4506.23
44993.2     	4486.41
45018       	4466.58
45042.7     	4446.71
45067.5     	4426.83
45092.2     	4406.92
45116.9     	4386.98
45141.7     	4367.02
45166.4     	4347.04
45191.2     	4327.03
45215.9     	4306.99
45240.7     	4286.93
45265.4     	4266.85
45290.2     	4246.74
45314.9     	4226.61
45339.7     	4206.45
45364.4     	4186.27
45389.2     	4166.07
45413.9     	4145.84
45438.7     	4125.58
45463.4     	4105.3
45488.2     	4085
45512.9     	4064.67
45537.7     	4044.32
45562.4     	4023.94
45587.2     	4003.54
45611.9     	3983.11
45636.7     	3962.66
45661.4     	3942.19
45686.2     	3921.69
45710.9     	3901.16
45735.7     	3880.61
45760.4     	3860.04
45785.2     	3839.44
45809.9     	3818.82
45834.7     	3798.17
45859.4     	3777.5
45884.2     	3756.81
45908.9     	3736.09
45933.7     	3715.34
45958.4     	3694.57
45983.2     	3673.78
46007.9     	3652.96
46032.7     	3632.11
46057.4     	3611.25
46082.1     	3590.35
46106.9     	3569.44
46131.6     	3548.5
46156.4     	3527.53
46181.1     	3506.54
46205.9     	3485.53
46230.6     	3464.49
46255.4     	3443.42
46280.1     	3422.33
46304.9     	3401.22
46329.6     	3380.08
46354.4     	3358.92
46379.1     	3337.73
46403.9     	3316.52
46428.6     	3295.29
46453.4     	3274.03
46478.1     	3252.74
46502.9     	3231.43
46527.6     	3210.1
46552.4     	3188.74
46577.1     	3167.36
46601.9     	3145.95
46626.6     	3124.52
46651.4     	3103.06
46676.1     	3081.58
46700.9     	3060.08
46725.6     	3038.55
46750.4     	3016.99
46775.1     	2995.41
46799.9     	2973.81
46824.6     	2952.18
46849.4     	2930.53
46874.1     	2908.85
46898.9     	2887.15
46923.6     	2865.42
46948.4     	2843.67
46973.1     	2821.9
46997.9     	2800.1
47022.6     	2778.27
47047.3     	2756.43
47072.1     	2734.55
47096.8     	2712.65
47121.6     	2690.73
47146.3     	2668.79
47171.1     	2646.81
47195.8     	2624.82
47220.6     	2602.8
47245.3     	2580.75
47270.1     	2558.68
47294.8     	2536.59
47319.6     	2514.47
47344.3     	2492.33
47369.1     	2470.16
47393.8     	2447.97
47418.6     	2425.75
47443.3     	2403.51
47468.1     	2381.24
47492.8     	2358.95
47517.6     	2336.64
47542.3     	2314.3
47567.1     	2291.94
47591.8     	2269.55
47616.6     	2247.14
47641.3     	2224.7
47666.1     	2202.24
47690.8     	2179.75
47715.6     	2157.24
47740.3     	2134.7
47765.1     	2112.14
47789.8     	2089.56
47814.6     	2066.95
47839.3     	2044.32
47864.1     	2021.66
47888.8     	1998.98
47913.6     	1976.27
47938.3     	1953.54
47963.1     	1930.78
47987.8     	1908
48012.6     	1885.19
48037.3     	1862.36
48062       	1839.51
48086.8     	1816.63
48111.5     	1793.73
48136.3     	1770.8
48161       	1747.85
48185.8     	1724.87
48210.5     	1701.87
48235.3     	1678.84
48260       	1655.79
48284.8     	1632.72
48309.5     	1609.62
48334.3     	1586.49
48359       	1563.35
48383.8     	1540.17
48408.5     	1516.98
48433.3     	1493.75
48458       	1470.51
48482.8     	1447.24
48507.5     	1423.94
48532.3     	1400.62
48557       	1377.27
48581.8     	1353.91
48606.5     	1330.51
48631.3     	1307.09
48656       	1283.65
48680.8     	1260.18
48705.5     	1236.69
48730.3     	1213.17
48755       	1189.63
48779.8     	1166.07
48804.5     	1142.48
48829.3     	1118.86
48854       	1095.22
48878.8     	1071.56
48903.5     	1047.87
48928.3     	1024.16
48953       	1000.42
48977.8     	976.661
49002.5     	952.875
49027.2     	929.064
49052       	905.229
49076.7     	881.369
49101.5     	857.484
49126.2     	833.576
49151       	809.642
49175.7     	785.684
49200.5     	761.702
49225.2     	737.695
49250       	713.663
49274.7     	689.607
49299.5     	665.527
49324.2     	641.422
49349       	617.292
49373.7     	593.138
49398.5     	568.959
49423.2     	544.756
49448       	520.529
49472.7     	496.276
49497.5     	472
49522.2     	447.698
49547       	423.373
49571.7     	399.022
49596.5     	374.647
49621.2     	350.248
49646       	325.824
49670.7     	301.376
49695.5     	276.903
49720.2     	252.405
49745       	227.883
49769.7     	203.337
49794.5     	178.766
49819.2     	154.17
49844       	129.55
49868.7     	104.906
49893.5     	80.2365
49918.2     	55.5428
49943       	30.8246
49967.7     	6.08191
49992.4     	0
