0           	0
28.6703     	20.0752
57.3005     	40.0977
85.8907     	60.0678
114.441     	79.9854
142.952     	99.8508
171.422     	119.664
199.854     	139.425
228.246     	159.135
256.599     	178.792
284.912     	198.398
313.187     	217.953
341.423     	237.456
369.62      	256.907
397.778     	276.308
425.898     	295.657
453.979     	314.956
482.023     	334.203
510.028     	353.4
537.995     	372.547
565.924     	391.643
593.815     	410.688
621.669     	429.683
649.485     	448.628
677.263     	467.524
705.004     	486.369
732.709     	505.164
760.376     	523.91
788.005     	542.606
815.599     	561.252
843.155     	579.85
870.675     	598.398
898.158     	616.897
925.605     	635.346
953.015     	653.747
980.389     	672.099
1007.73     	690.403
1035.03     	708.657
1062.3      	726.864
1089.53     	745.021
1116.72     	763.131
1143.88     	781.192
1171        	799.205
1198.09     	817.171
1225.15     	835.088
1252.16     	852.958
1279.15     	870.78
1306.1      	888.554
1333.01     	906.281
1359.89     	923.96
1386.73     	941.592
1413.54     	959.177
1440.32     	976.715
1467.06     	994.206
1493.77     	1011.65
1520.44     	1029.05
1547.08     	1046.4
1573.68     	1063.7
1600.25     	1080.96
1626.79     	1098.17
1653.3      	1115.34
1679.77     	1132.45
1706.2      	1149.53
1732.61     	1166.55
1758.98     	1183.53
1785.32     	1200.47
1811.62     	1217.36
1837.89     	1234.2
1864.13     	1251
1890.34     	1267.75
1916.51     	1284.46
1942.65     	1301.12
1968.76     	1317.74
1994.84     	1334.31
2020.88     	1350.83
2046.89     	1367.32
2072.87     	1383.75
2098.82     	1400.14
2124.74     	1416.49
2150.62     	1432.79
2176.47     	1449.05
2202.3      	1465.27
2228.09     	1481.44
2253.84     	1497.56
2279.57     	1513.64
2305.27     	1529.68
2330.93     	1545.67
2356.56     	1561.62
2382.17     	1577.53
2407.74     	1593.39
2433.28     	1609.21
2458.79     	1624.98
2484.27     	1640.71
2509.72     	1656.4
2535.14     	1672.05
2560.53     	1687.65
2585.88     	1703.21
2611.21     	1718.72
2636.51     	1734.19
2661.78     	1749.62
2687.02     	1765.01
2712.22     	1780.35
2737.4      	1795.66
2762.55     	1810.91
2787.67     	1826.13
2812.76     	1841.3
2837.82     	1856.44
2862.85     	1871.53
2887.85     	1886.57
2912.82     	1901.58
2937.77     	1916.54
2962.68     	1931.46
2987.57     	1946.34
3012.42     	1961.18
3037.25     	1975.97
3062.05     	1990.73
3086.82     	2005.44
3111.56     	2020.11
3136.27     	2034.74
3160.96     	2049.33
3185.62     	2063.88
3210.24     	2078.38
3234.84     	2092.85
3259.42     	2107.27
3283.96     	2121.65
3308.48     	2136
3332.96     	2150.3
3357.43     	2164.56
3381.86     	2178.78
3406.26     	2192.96
3430.64     	2207.1
3454.99     	2221.19
3479.31     	2235.25
3503.61     	2249.27
3527.88     	2263.25
3552.12     	2277.18
3576.33     	2291.08
3600.52     	2304.94
3624.68     	2318.75
3648.81     	2332.53
3672.92     	2346.27
3697        	2359.96
3721.05     	2373.62
3745.08     	2387.24
3769.08     	2400.82
3793.05     	2414.36
3817        	2427.86
3840.92     	2441.32
3864.81     	2454.74
3888.68     	2468.12
3912.52     	2481.46
3936.34     	2494.76
3960.12     	2508.03
3983.89     	2521.25
4007.63     	2534.44
4031.34     	2547.59
4055.03     	2560.7
4078.69     	2573.77
4102.32     	2586.8
4125.93     	2599.79
4149.52     	2612.74
4173.07     	2625.66
4196.61     	2638.54
4220.12     	2651.38
4243.6      	2664.18
4267.06     	2676.94
4290.49     	2689.66
4313.9      	2702.35
4337.28     	2715
4360.64     	2727.61
4383.97     	2740.18
4407.28     	2752.71
4430.56     	2765.21
4453.82     	2777.67
4477.06     	2790.09
4500.27     	2802.47
4523.46     	2814.82
4546.62     	2827.13
4569.75     	2839.4
4592.87     	2851.63
4615.96     	2863.83
4639.02     	2875.99
4662.06     	2888.11
4685.08     	2900.2
4708.07     	2912.24
4731.04     	2924.25
4753.98     	2936.23
4776.91     	2948.17
4799.8      	2960.07
4822.68     	2971.93
4845.53     	2983.75
4868.35     	2995.54
4891.16     	3007.3
4913.94     	3019.01
4936.69     	3030.69
4959.43     	3042.34
4982.14     	3053.94
5004.82     	3065.51
5027.49     	3077.05
5050.13     	3088.55
5072.75     	3100.01
5095.34     	3111.43
5117.91     	3122.82
5140.46     	3134.18
5162.99     	3145.5
5185.49     	3156.78
5207.97     	3168.02
5230.43     	3179.23
5252.87     	3190.41
5275.28     	3201.55
5297.67     	3212.65
5320.04     	3223.72
5342.39     	3234.75
5364.71     	3245.74
5387.01     	3256.7
5409.29     	3267.63
5431.55     	3278.52
5453.78     	3289.37
5476        	3300.19
5498.19     	3310.98
5520.36     	3321.72
5542.51     	3332.44
5564.63     	3343.12
5586.74     	3353.76
5608.82     	3364.37
5630.88     	3374.94
5652.92     	3385.48
5674.94     	3395.99
5696.93     	3406.45
5718.91     	3416.89
5740.86     	3427.29
5762.79     	3437.65
5784.7      	3447.98
5806.59     	3458.28
5828.46     	3468.54
5850.31     	3478.77
5872.13     	3488.96
5893.94     	3499.12
5915.72     	3509.24
5937.49     	3519.33
5959.23     	3529.39
5980.95     	3539.41
6002.65     	3549.4
6024.33     	3559.35
6045.99     	3569.27
6067.63     	3579.16
6089.25     	3589.01
6110.84     	3598.83
6132.42     	3608.61
6153.98     	3618.36
6175.51     	3628.08
6197.03     	3637.76
6218.52     	3647.41
6240        	3657.02
6261.45     	3666.6
6282.89     	3676.15
6304.3      	3685.67
6325.7      	3695.15
6347.07     	3704.59
6368.43     	3714.01
6389.76     	3723.39
6411.08     	3732.74
6432.37     	3742.05
6453.65     	3751.33
6474.9      	3760.58
6496.14     	3769.8
6517.35     	3778.98
6538.55     	3788.13
6559.73     	3797.24
6580.89     	3806.33
6602.02     	3815.38
6623.14     	3824.39
6644.24     	3833.38
6665.32     	3842.33
6686.38     	3851.25
6707.42     	3860.14
6728.44     	3868.99
6749.45     	3877.81
6770.43     	3886.6
6791.39     	3895.36
6812.34     	3904.08
6833.27     	3912.77
6854.17     	3921.43
6875.06     	3930.06
6895.93     	3938.65
6916.78     	3947.21
6937.61     	3955.74
6958.43     	3964.24
6979.22     	3972.7
7000        	3981.14
7020.75     	3989.54
7041.49     	3997.91
7062.21     	4006.24
7082.91     	4014.55
7103.6      	4022.82
7124.26     	4031.06
7144.91     	4039.27
7165.54     	4047.45
7186.15     	4055.59
7206.74     	4063.71
7227.31     	4071.79
7247.87     	4079.84
7268.4      	4087.86
7288.92     	4095.85
7309.42     	4103.8
7329.9      	4111.73
7350.37     	4119.62
7370.81     	4127.48
7391.24     	4135.31
7411.65     	4143.11
7432.05     	4150.87
7452.42     	4158.61
7472.78     	4166.32
7493.12     	4173.99
7513.44     	4181.63
7533.75     	4189.24
7554.03     	4196.82
7574.3      	4204.37
7594.55     	4211.89
7614.79     	4219.37
7635        	4226.83
7655.2      	4234.25
7675.38     	4241.65
7695.55     	4249.01
7715.7      	4256.34
7735.83     	4263.64
7755.94     	4270.91
7776.03     	4278.15
7796.11     	4285.36
7816.17     	4292.54
7836.22     	4299.69
7856.24     	4306.81
7876.25     	4313.89
7896.25     	4320.95
7916.22     	4327.97
7936.18     	4334.97
7956.12     	4341.93
7976.05     	4348.87
7995.96     	4355.77
8015.85     	4362.65
8035.73     	4369.49
8055.58     	4376.3
8075.42     	4383.08
8095.25     	4389.84
8115.06     	4396.56
8134.85     	4403.25
8154.63     	4409.91
8174.38     	4416.54
8194.13     	4423.15
8213.85     	4429.72
8233.56     	4436.26
8253.25     	4442.77
8272.93     	4449.25
8292.59     	4455.7
8312.24     	4462.13
8331.86     	4468.52
8351.48     	4474.88
8371.07     	4481.21
8390.65     	4487.52
8410.21     	4493.79
8429.76     	4500.03
8449.29     	4506.25
8468.81     	4512.43
8488.31     	4518.59
8507.79     	4524.71
8527.26     	4530.81
8546.71     	4536.87
8566.14     	4542.91
8585.56     	4548.92
8604.97     	4554.89
8624.36     	4560.84
8643.73     	4566.76
8663.08     	4572.65
8682.43     	4578.51
8701.75     	4584.34
8721.06     	4590.15
8740.36     	4595.92
8759.63     	4601.66
8778.9      	4607.38
8798.14     	4613.06
8817.38     	4618.72
8836.59     	4624.35
8855.8      	4629.94
8874.98     	4635.51
8894.15     	4641.05
8913.31     	4646.56
8932.45     	4652.05
8951.57     	4657.5
8970.68     	4662.92
8989.78     	4668.32
9008.86     	4673.69
9027.92     	4679.02
9046.97     	4684.33
9066        	4689.61
9085.02     	4694.87
9104.03     	4700.09
9123.02     	4705.28
9141.99     	4710.45
9160.95     	4715.59
9179.89     	4720.7
9198.82     	4725.78
9217.74     	4730.83
9236.64     	4735.85
9255.52     	4740.85
9274.39     	4745.81
9293.25     	4750.75
9312.09     	4755.66
9330.92     	4760.54
9349.73     	4765.4
9368.52     	4770.22
9387.31     	4775.02
9406.07     	4779.78
9424.83     	4784.52
9443.57     	4789.24
9462.29     	4793.92
9481        	4798.58
9499.69     	4803.2
9518.38     	4807.8
9537.04     	4812.37
9555.69     	4816.92
9574.33     	4821.43
9592.96     	4825.92
9611.57     	4830.38
9630.16     	4834.81
9648.74     	4839.21
9667.31     	4843.59
9685.86     	4847.94
9704.4      	4852.26
9722.92     	4856.55
9741.43     	4860.81
9759.93     	4865.05
9778.41     	4869.26
9796.88     	4873.44
9815.33     	4877.59
9833.77     	4881.72
9852.2      	4885.81
9870.61     	4889.88
9889.01     	4893.93
9907.39     	4897.94
9925.76     	4901.93
9944.12     	4905.89
9962.46     	4909.82
9980.79     	4913.73
9999.11     	4917.6
10017.4     	4921.46
10035.7     	4925.28
10054       	4929.07
10072.2     	4932.84
10090.5     	4936.58
10108.7     	4940.3
10126.9     	4943.98
10145.1     	4947.64
10163.3     	4951.27
10181.5     	4954.88
10199.7     	4958.45
10217.8     	4962
10236       	4965.53
10254.1     	4969.02
10272.2     	4972.49
10290.3     	4975.93
10308.4     	4979.35
10326.5     	4982.73
10344.5     	4986.09
10362.6     	4989.43
10380.6     	4992.73
10398.6     	4996.01
10416.6     	4999.27
10434.6     	5002.49
10452.6     	5005.69
10470.6     	5008.86
10488.5     	5012.01
10506.5     	5015.13
10524.4     	5018.22
10542.3     	5021.28
10560.2     	5024.32
10578.1     	5027.33
10596       	5030.32
10613.8     	5033.27
10631.7     	5036.21
10649.5     	5039.11
10667.3     	5041.99
10685.2     	5044.84
10702.9     	5047.66
10720.7     	5050.46
10738.5     	5053.23
10756.3     	5055.98
10774       	5058.7
10791.7     	5061.39
10809.5     	5064.06
10827.2     	5066.69
10844.9     	5069.31
10862.6     	5071.89
10880.2     	5074.45
10897.9     	5076.99
10915.5     	5079.49
10933.2     	5081.98
10950.8     	5084.43
10968.4     	5086.86
10986       	5089.26
11003.6     	5091.64
11021.1     	5093.99
11038.7     	5096.31
11056.2     	5098.61
11073.8     	5100.88
11091.3     	5103.12
11108.8     	5105.34
11126.3     	5107.54
11143.8     	5109.7
11161.2     	5111.84
11178.7     	5113.96
11196.2     	5116.05
11213.6     	5118.11
11231       	5120.15
11248.4     	5122.16
11265.8     	5124.14
11283.2     	5126.1
11300.6     	5128.04
11317.9     	5129.94
11335.3     	5131.82
11352.6     	5133.68
11369.9     	5135.51
11387.3     	5137.31
11404.6     	5139.09
11421.8     	5140.84
11439.1     	5142.57
11456.4     	5144.27
11473.6     	5145.95
11490.9     	5147.6
11508.1     	5149.22
11525.3     	5150.82
11542.5     	5152.39
11559.7     	5153.94
11576.9     	5155.46
11594.1     	5156.95
11611.2     	5158.42
11628.4     	5159.87
11645.5     	5161.29
11662.6     	5162.68
11679.7     	5164.05
11696.8     	5165.39
11713.9     	5166.71
11731       	5168
11748.1     	5169.27
11765.1     	5170.51
11782.2     	5171.72
11799.2     	5172.92
11816.2     	5174.08
11833.2     	5175.22
11850.2     	5176.33
11867.2     	5177.42
11884.2     	5178.49
11901.1     	5179.53
11918.1     	5180.54
11935       	5181.53
11951.9     	5182.49
11968.8     	5183.43
11985.7     	5184.34
12002.6     	5185.23
12019.5     	5186.09
12036.4     	5186.93
12053.2     	5187.74
12070.1     	5188.53
12086.9     	5189.29
12103.7     	5190.03
12120.5     	5190.74
12137.3     	5191.42
12154.1     	5192.09
12170.9     	5192.72
12187.7     	5193.34
12204.4     	5193.92
12221.2     	5194.48
12237.9     	5195.02
12254.6     	5195.53
12271.3     	5196.02
12288       	5196.48
12304.7     	5196.92
12321.4     	5197.33
12338       	5197.72
12354.7     	5198.09
12371.3     	5198.43
12388       	5198.74
12404.6     	5199.03
12421.2     	5199.29
12437.8     	5199.53
12454.4     	5199.75
12471       	5199.94
12487.5     	5200.1
12504.1     	5200.24
12520.6     	5200.36
12537.2     	5200.45
12553.7     	5200.52
12570.2     	5200.56
12586.7     	5200.58
12603.2     	5200.57
12619.6     	5200.54
12636.1     	5200.49
12652.6     	5200.41
12669       	5200.3
12685.4     	5200.18
12701.9     	5200.02
12718.3     	5199.84
12734.7     	5199.64
12751.1     	5199.42
12767.5     	5199.17
12783.8     	5198.89
12800.2     	5198.59
12816.5     	5198.27
12832.9     	5197.92
12849.2     	5197.55
12865.5     	5197.15
12881.8     	5196.73
12898.1     	5196.28
12914.4     	5195.81
12930.7     	5195.32
12946.9     	5194.8
12963.2     	5194.26
12979.4     	5193.69
12995.7     	5193.1
13011.9     	5192.49
13028.1     	5191.85
13044.3     	5191.19
13060.5     	5190.5
13076.7     	5189.79
13092.8     	5189.05
13109       	5188.29
13125.1     	5187.51
13141.3     	5186.7
13157.4     	5185.87
13173.5     	5185.02
13189.6     	5184.14
13205.7     	5183.24
13221.8     	5182.31
13237.9     	5181.36
13253.9     	5180.38
13270       	5179.38
13286       	5178.36
13302.1     	5177.31
13318.1     	5176.24
13334.1     	5175.15
13350.1     	5174.03
13366.1     	5172.89
13382.1     	5171.72
13398       	5170.53
13414       	5169.32
13430       	5168.08
13445.9     	5166.82
13461.8     	5165.54
13477.8     	5164.23
13493.7     	5162.9
13509.6     	5161.54
13525.5     	5160.17
13541.3     	5158.76
13557.2     	5157.34
13573.1     	5155.89
13588.9     	5154.41
13604.7     	5152.92
13620.6     	5151.39
13636.4     	5149.85
13652.2     	5148.28
13668       	5146.69
13683.8     	5145.08
13699.6     	5143.44
13715.3     	5141.78
13731.1     	5140.09
13746.9     	5138.38
13762.6     	5136.65
13778.3     	5134.89
13794       	5133.11
13809.7     	5131.31
13825.4     	5129.49
13841.1     	5127.64
13856.8     	5125.76
13872.5     	5123.87
13888.1     	5121.95
13903.8     	5120.01
13919.4     	5118.04
13935.1     	5116.05
13950.7     	5114.04
13966.3     	5112
13981.9     	5109.94
13997.5     	5107.86
14013.1     	5105.76
14028.6     	5103.63
14044.2     	5101.48
14059.7     	5099.3
14075.3     	5097.1
14090.8     	5094.88
14106.3     	5092.64
14121.9     	5090.37
14137.4     	5088.08
14152.9     	5085.77
14168.3     	5083.43
14183.8     	5081.07
14199.3     	5078.69
14214.7     	5076.28
14230.2     	5073.85
14245.6     	5071.4
14261       	5068.92
14276.4     	5066.43
14291.9     	5063.91
14307.3     	5061.36
14322.6     	5058.79
14338       	5056.21
14353.4     	5053.59
14368.7     	5050.96
14384.1     	5048.3
14399.4     	5045.62
14414.8     	5042.91
14430.1     	5040.19
14445.4     	5037.44
14460.7     	5034.66
14476       	5031.87
14491.3     	5029.05
14506.5     	5026.21
14521.8     	5023.35
14537       	5020.46
14552.3     	5017.55
14567.5     	5014.62
14582.8     	5011.66
14598       	5008.69
14613.2     	5005.69
14628.4     	5002.66
14643.6     	4999.62
14658.7     	4996.55
14673.9     	4993.46
14689.1     	4990.35
14704.2     	4987.21
14719.4     	4984.05
14734.5     	4980.87
14749.6     	4977.67
14764.7     	4974.44
14779.8     	4971.19
14794.9     	4967.92
14810       	4964.63
14825.1     	4961.31
14840.1     	4957.97
14855.2     	4954.61
14870.2     	4951.23
14885.3     	4947.82
14900.3     	4944.4
14915.3     	4940.94
14930.3     	4937.47
14945.3     	4933.98
14960.3     	4930.46
14975.3     	4926.92
14990.3     	4923.36
15005.2     	4919.77
15020.2     	4916.16
15035.1     	4912.53
15050.1     	4908.88
15065       	4905.21
15079.9     	4901.51
15094.8     	4897.79
15109.7     	4894.05
15124.6     	4890.29
15139.5     	4886.5
15154.4     	4882.7
15169.2     	4878.87
15184.1     	4875.01
15198.9     	4871.14
15213.8     	4867.24
15228.6     	4863.33
15243.4     	4859.38
15258.2     	4855.42
15273       	4851.44
15287.8     	4847.43
15302.6     	4843.4
15317.4     	4839.35
15332.1     	4835.28
15346.9     	4831.18
15361.6     	4827.07
15376.4     	4822.93
15391.1     	4818.77
15405.8     	4814.58
15420.5     	4810.38
15435.2     	4806.15
15449.9     	4801.9
15464.6     	4797.63
15479.3     	4793.34
15493.9     	4789.03
15508.6     	4784.69
15523.2     	4780.33
15537.9     	4775.95
15552.5     	4771.55
15567.1     	4767.12
15581.7     	4762.68
15596.3     	4758.21
15610.9     	4753.72
15625.5     	4749.21
15640.1     	4744.68
15654.6     	4740.12
15669.2     	4735.55
15683.7     	4730.95
15698.3     	4726.33
15712.8     	4721.69
15727.3     	4717.03
15741.8     	4712.34
15756.3     	4707.63
15770.8     	4702.91
15785.3     	4698.16
15799.8     	4693.38
15814.3     	4688.59
15828.7     	4683.78
15843.2     	4678.94
15857.6     	4674.08
15872       	4669.2
15886.5     	4664.3
15900.9     	4659.38
15915.3     	4654.44
15929.7     	4649.47
15944.1     	4644.48
15958.5     	4639.47
15972.8     	4634.44
15987.2     	4629.39
16001.5     	4624.32
16015.9     	4619.23
16030.2     	4614.11
16044.6     	4608.97
16058.9     	4603.81
16073.2     	4598.63
16087.5     	4593.43
16101.8     	4588.21
16116.1     	4582.97
16130.3     	4577.7
16144.6     	4572.41
16158.9     	4567.11
16173.1     	4561.78
16187.4     	4556.43
16201.6     	4551.06
16215.8     	4545.66
16230       	4540.25
16244.2     	4534.81
16258.4     	4529.36
16272.6     	4523.88
16286.8     	4518.38
16301       	4512.86
16315.1     	4507.32
16329.3     	4501.75
16343.4     	4496.17
16357.6     	4490.57
16371.7     	4484.94
16385.8     	4479.29
16399.9     	4473.62
16414       	4467.93
16428.1     	4462.22
16442.2     	4456.49
16456.3     	4450.74
16470.4     	4444.97
16484.4     	4439.17
16498.5     	4433.36
16512.5     	4427.52
16526.5     	4421.66
16540.6     	4415.78
16554.6     	4409.88
16568.6     	4403.96
16582.6     	4398.02
16596.6     	4392.06
16610.6     	4386.08
16624.5     	4380.07
16638.5     	4374.05
16652.5     	4368
16666.4     	4361.94
16680.4     	4355.85
16694.3     	4349.74
16708.2     	4343.61
16722.1     	4337.46
16736       	4331.29
16749.9     	4325.1
16763.8     	4318.89
16777.7     	4312.66
16791.6     	4306.4
16805.4     	4300.13
16819.3     	4293.83
16833.1     	4287.52
16847       	4281.18
16860.8     	4274.82
16874.6     	4268.45
16888.4     	4262.05
16902.3     	4255.63
16916       	4249.19
16929.8     	4242.73
16943.6     	4236.25
16957.4     	4229.75
16971.2     	4223.23
16984.9     	4216.68
16998.7     	4210.12
17012.4     	4203.54
17026.1     	4196.93
17039.8     	4190.31
17053.6     	4183.66
17067.3     	4177
17081       	4170.31
17094.6     	4163.6
17108.3     	4156.88
17122       	4150.13
17135.7     	4143.36
17149.3     	4136.57
17163       	4129.77
17176.6     	4122.94
17190.2     	4116.09
17203.8     	4109.22
17217.5     	4102.33
17231.1     	4095.42
17244.7     	4088.49
17258.3     	4081.54
17271.8     	4074.57
17285.4     	4067.58
17299       	4060.56
17312.5     	4053.53
17326.1     	4046.48
17339.6     	4039.41
17353.1     	4032.31
17366.7     	4025.2
17380.2     	4018.07
17393.7     	4010.92
17407.2     	4003.74
17420.7     	3996.55
17434.1     	3989.34
17447.6     	3982.1
17461.1     	3974.85
17474.5     	3967.58
17488       	3960.28
17501.4     	3952.97
17514.9     	3945.63
17528.3     	3938.28
17541.7     	3930.91
17555.1     	3923.51
17568.5     	3916.1
17581.9     	3908.66
17595.3     	3901.21
17608.6     	3893.74
17622       	3886.24
17635.4     	3878.73
17648.7     	3871.19
17662.1     	3863.64
17675.4     	3856.07
17688.7     	3848.47
17702       	3840.86
17715.3     	3833.23
17728.6     	3825.58
17741.9     	3817.9
17755.2     	3810.21
17768.5     	3802.5
17781.8     	3794.77
17795       	3787.01
17808.3     	3779.24
17821.5     	3771.45
17834.7     	3763.64
17848       	3755.81
17861.2     	3747.96
17874.4     	3740.09
17887.6     	3732.2
17900.8     	3724.29
17914       	3716.36
17927.2     	3708.41
17940.3     	3700.44
17953.5     	3692.45
17966.7     	3684.44
17979.8     	3676.42
17992.9     	3668.37
18006.1     	3660.3
18019.2     	3652.22
18032.3     	3644.11
18045.4     	3635.99
18058.5     	3627.84
18071.6     	3619.68
18084.7     	3611.49
18097.7     	3603.29
18110.8     	3595.07
18123.9     	3586.83
18136.9     	3578.56
18150       	3570.28
18163       	3561.98
18176       	3553.66
18189       	3545.32
18202       	3536.97
18215       	3528.59
18228       	3520.19
18241       	3511.77
18254       	3503.34
18267       	3494.88
18279.9     	3486.41
18292.9     	3477.91
18305.8     	3469.4
18318.7     	3460.87
18331.7     	3452.32
18344.6     	3443.75
18357.5     	3435.16
18370.4     	3426.55
18383.3     	3417.92
18396.2     	3409.27
18409.1     	3400.61
18421.9     	3391.92
18434.8     	3383.22
18447.7     	3374.49
18460.5     	3365.75
18473.4     	3356.99
18486.2     	3348.21
18499       	3339.4
18511.8     	3330.59
18524.6     	3321.75
18537.4     	3312.89
18550.2     	3304.01
18563       	3295.12
18575.8     	3286.2
18588.6     	3277.27
18601.3     	3268.32
18614.1     	3259.35
18626.8     	3250.36
18639.6     	3241.35
18652.3     	3232.32
18665       	3223.27
18677.7     	3214.21
18690.4     	3205.12
18703.1     	3196.02
18715.8     	3186.9
18728.5     	3177.75
18741.2     	3168.59
18753.8     	3159.42
18766.5     	3150.22
18779.1     	3141
18791.8     	3131.77
18804.4     	3122.51
18817       	3113.24
18829.6     	3103.95
18842.3     	3094.64
18854.9     	3085.31
18867.5     	3075.96
18880       	3066.6
18892.6     	3057.21
18905.2     	3047.81
18917.7     	3038.39
18930.3     	3028.95
18942.8     	3019.49
18955.4     	3010.01
18967.9     	3000.51
18980.4     	2991
18993       	2981.47
19005.5     	2971.91
19018       	2962.34
19030.5     	2952.76
19042.9     	2943.15
19055.4     	2933.52
19067.9     	2923.88
19080.3     	2914.21
19092.8     	2904.53
19105.2     	2894.83
19117.7     	2885.12
19130.1     	2875.38
19142.5     	2865.63
19154.9     	2855.85
19167.3     	2846.06
19179.7     	2836.25
19192.1     	2826.42
19204.5     	2816.58
19216.9     	2806.71
19229.2     	2796.83
19241.6     	2786.93
19254       	2777.01
19266.3     	2767.07
19278.6     	2757.11
19291       	2747.14
19303.3     	2737.15
19315.6     	2727.14
19327.9     	2717.11
19340.2     	2707.06
19352.5     	2697
19364.8     	2686.91
19377       	2676.81
19389.3     	2666.69
19401.5     	2656.55
19413.8     	2646.4
19426       	2636.23
19438.3     	2626.03
19450.5     	2615.82
19462.7     	2605.6
19474.9     	2595.35
19487.1     	2585.09
19499.3     	2574.81
19511.5     	2564.51
19523.7     	2554.19
19535.8     	2543.85
19548       	2533.5
19560.2     	2523.13
19572.3     	2512.74
19584.5     	2502.33
19596.6     	2491.91
19608.7     	2481.46
19620.8     	2471
19632.9     	2460.52
19645       	2450.03
19657.1     	2439.51
19669.2     	2428.98
19681.3     	2418.43
19693.4     	2407.86
19705.4     	2397.28
19717.5     	2386.68
19729.5     	2376.06
19741.6     	2365.42
19753.6     	2354.76
19765.6     	2344.09
19777.6     	2333.4
19789.6     	2322.69
19801.6     	2311.96
19813.6     	2301.22
19825.6     	2290.45
19837.6     	2279.67
19849.6     	2268.88
19861.5     	2258.06
19873.5     	2247.23
19885.4     	2236.38
19897.4     	2225.51
19909.3     	2214.63
19921.2     	2203.73
19933.1     	2192.81
19945       	2181.87
19956.9     	2170.91
19968.8     	2159.94
19980.7     	2148.95
19992.6     	2137.95
20004.5     	2126.92
20016.3     	2115.88
20028.2     	2104.82
20040       	2093.74
20051.9     	2082.65
20063.7     	2071.54
20075.5     	2060.41
20087.3     	2049.27
20099.1     	2038.1
20110.9     	2026.92
20122.7     	2015.73
20134.5     	2004.51
20146.3     	1993.28
20158.1     	1982.03
20169.8     	1970.76
20181.6     	1959.48
20193.3     	1948.18
20205.1     	1936.86
20216.8     	1925.53
20228.5     	1914.17
20240.2     	1902.8
20251.9     	1891.42
20263.6     	1880.01
20275.3     	1868.59
20287       	1857.16
20298.7     	1845.7
20310.4     	1834.23
20322       	1822.74
20333.7     	1811.24
20345.3     	1799.71
20357       	1788.17
20368.6     	1776.62
20380.2     	1765.04
20391.8     	1753.45
20403.4     	1741.84
20415       	1730.22
20426.6     	1718.58
20438.2     	1706.92
20449.8     	1695.25
20461.4     	1683.55
20472.9     	1671.85
20484.5     	1660.12
20496       	1648.38
20507.6     	1636.62
20519.1     	1624.84
20530.6     	1613.05
20542.2     	1601.24
20553.7     	1589.42
20565.2     	1577.57
20576.7     	1565.71
20588.2     	1553.84
20599.6     	1541.94
20611.1     	1530.03
20622.6     	1518.11
20634       	1506.17
20645.5     	1494.21
20656.9     	1482.23
20668.3     	1470.24
20679.8     	1458.23
20691.2     	1446.2
20702.6     	1434.16
20714       	1422.1
20725.4     	1410.03
20736.8     	1397.93
20748.2     	1385.83
20759.5     	1373.7
20770.9     	1361.56
20782.3     	1349.4
20793.6     	1337.23
20805       	1325.04
20816.3     	1312.83
20827.6     	1300.61
20838.9     	1288.37
20850.3     	1276.11
20861.6     	1263.84
20872.9     	1251.55
20884.2     	1239.25
20895.4     	1226.92
20906.7     	1214.59
20918       	1202.23
20929.2     	1189.86
20940.5     	1177.48
20951.7     	1165.07
20963       	1152.65
20974.2     	1140.22
20985.4     	1127.77
20996.6     	1115.3
21007.8     	1102.82
21019       	1090.32
21030.2     	1077.8
21041.4     	1065.27
21052.6     	1052.72
21063.8     	1040.16
21074.9     	1027.58
21086.1     	1014.98
21097.2     	1002.37
21108.4     	989.739
21119.5     	977.094
21130.6     	964.434
21141.8     	951.757
21152.9     	939.065
21164       	926.356
21175.1     	913.632
21186.1     	900.891
21197.2     	888.135
21208.3     	875.363
21219.4     	862.575
21230.4     	849.771
21241.5     	836.951
21252.5     	824.116
21263.5     	811.264
21274.6     	798.397
21285.6     	785.514
21296.6     	772.615
21307.6     	759.701
21318.6     	746.77
21329.6     	733.824
21340.6     	720.862
21351.6     	707.885
21362.5     	694.891
21373.5     	681.882
21384.4     	668.858
21395.4     	655.817
21406.3     	642.762
21417.3     	629.69
21428.2     	616.603
21439.1     	603.5
21450       	590.382
21460.9     	577.248
21471.8     	564.098
21482.7     	550.933
21493.6     	537.753
21504.4     	524.556
21515.3     	511.345
21526.1     	498.118
21537       	484.875
21547.8     	471.617
21558.7     	458.344
21569.5     	445.055
21580.3     	431.751
21591.1     	418.431
21601.9     	405.096
21612.7     	391.745
21623.5     	378.38
21634.3     	364.998
21645.1     	351.602
21655.8     	338.19
21666.6     	324.763
21677.3     	311.321
21688.1     	297.863
21698.8     	284.39
21709.6     	270.902
21720.3     	257.399
21731       	243.88
21741.7     	230.346
21752.4     	216.797
21763.1     	203.233
21773.8     	189.654
21784.5     	176.06
21795.1     	162.45
21805.8     	148.825
21816.5     	135.186
21827.1     	121.531
21837.7     	107.861
21848.4     	94.176
21859       	80.476
21869.6     	66.761
21880.2     	53.031
21890.8     	39.286
21901.4     	25.526
21912       	11.751
21922.6     	0
