0           	0
20.0752     	28.6703
40.1222     	57.276
60.1421     	85.8183
80.1356     	114.298
100.104     	142.718
120.047     	171.077
139.966     	199.378
159.862     	227.622
179.735     	255.808
199.587     	283.94
219.417     	312.017
239.227     	340.04
259.017     	368.01
278.788     	395.929
298.54      	423.797
318.274     	451.615
337.99      	479.383
357.689     	507.103
377.372     	534.774
397.038     	562.399
416.689     	589.977
436.325     	617.51
455.946     	644.997
475.552     	672.439
495.145     	699.838
514.724     	727.193
534.29      	754.506
553.844     	781.776
573.385     	809.005
592.914     	836.192
612.432     	863.339
631.938     	890.445
651.433     	917.511
670.917     	944.539
690.392     	971.527
709.856     	998.477
729.31      	1025.39
748.755     	1052.26
768.19      	1079.1
787.617     	1105.9
807.034     	1132.66
826.444     	1159.39
845.845     	1186.08
865.237     	1212.73
884.623     	1239.35
904         	1265.94
923.37      	1292.49
942.733     	1319.01
962.089     	1345.49
981.439     	1371.94
1000.78     	1398.35
1020.12     	1424.73
1039.45     	1451.08
1058.77     	1477.4
1078.09     	1503.68
1097.4      	1529.93
1116.71     	1556.15
1136.01     	1582.34
1155.3      	1608.49
1174.6      	1634.61
1193.88     	1660.71
1213.16     	1686.77
1232.44     	1712.8
1251.71     	1738.8
1270.98     	1764.76
1290.24     	1790.7
1309.5      	1816.61
1328.75     	1842.49
1348        	1868.34
1367.25     	1894.15
1386.49     	1919.94
1405.73     	1945.7
1424.96     	1971.43
1444.2      	1997.13
1463.42     	2022.8
1482.65     	2048.44
1501.87     	2074.06
1521.09     	2099.64
1540.3      	2125.2
1559.51     	2150.73
1578.72     	2176.22
1597.93     	2201.69
1617.13     	2227.14
1636.33     	2252.55
1655.53     	2277.94
1674.73     	2303.3
1693.92     	2328.63
1713.11     	2353.93
1732.3      	2379.2
1751.49     	2404.45
1770.67     	2429.67
1789.85     	2454.86
1809.03     	2480.03
1828.21     	2505.17
1847.38     	2530.28
1866.56     	2555.36
1885.73     	2580.42
1904.9      	2605.45
1924.07     	2630.45
1943.23     	2655.43
1962.4      	2680.38
1981.56     	2705.3
2000.72     	2730.19
2019.88     	2755.06
2039.04     	2779.91
2058.19     	2804.72
2077.35     	2829.51
2096.5      	2854.27
2115.65     	2879.01
2134.8      	2903.72
2153.95     	2928.41
2173.1      	2953.06
2192.25     	2977.7
2211.39     	3002.3
2230.53     	3026.88
2249.68     	3051.43
2268.82     	3075.96
2287.96     	3100.46
2307.1      	3124.94
2326.24     	3149.39
2345.37     	3173.81
2364.51     	3198.21
2383.65     	3222.58
2402.78     	3246.93
2421.91     	3271.25
2441.05     	3295.55
2460.18     	3319.82
2479.31     	3344.06
2498.44     	3368.28
2517.57     	3392.47
2536.7      	3416.64
2555.82     	3440.78
2574.95     	3464.89
2594.08     	3488.99
2613.2      	3513.05
2632.32     	3537.09
2651.45     	3561.1
2670.57     	3585.09
2689.69     	3609.06
2708.82     	3633
2727.94     	3656.91
2747.06     	3680.8
2766.18     	3704.66
2785.3      	3728.5
2804.42     	3752.31
2823.53     	3776.09
2842.65     	3799.85
2861.77     	3823.59
2880.88     	3847.3
2900        	3870.99
2919.12     	3894.65
2938.23     	3918.28
2957.35     	3941.89
2976.46     	3965.48
2995.57     	3989.04
3014.69     	4012.58
3033.8      	4036.09
3052.91     	4059.57
3072.02     	4083.03
3091.13     	4106.47
3110.25     	4129.88
3129.36     	4153.26
3148.47     	4176.62
3167.58     	4199.96
3186.69     	4223.27
3205.8      	4246.55
3224.91     	4269.81
3244.01     	4293.05
3263.12     	4316.26
3282.23     	4339.44
3301.34     	4362.6
3320.45     	4385.74
3339.55     	4408.85
3358.66     	4431.94
3377.77     	4455
3396.87     	4478.03
3415.98     	4501.05
3435.08     	4524.03
3454.19     	4546.99
3473.29     	4569.93
3492.4      	4592.84
3511.5      	4615.73
3530.61     	4638.59
3549.71     	4661.43
3568.82     	4684.24
3587.92     	4707.03
3607.03     	4729.8
3626.13     	4752.53
3645.23     	4775.25
3664.34     	4797.94
3683.44     	4820.6
3702.54     	4843.24
3721.64     	4865.86
3740.75     	4888.45
3759.85     	4911.01
3778.95     	4933.55
3798.05     	4956.07
3817.15     	4978.56
3836.26     	5001.03
3855.36     	5023.47
3874.46     	5045.89
3893.56     	5068.28
3912.66     	5090.65
3931.76     	5112.99
3950.86     	5135.31
3969.96     	5157.6
3989.06     	5179.87
4008.16     	5202.11
4027.26     	5224.33
4046.36     	5246.53
4065.46     	5268.7
4084.56     	5290.85
4103.66     	5312.97
4122.76     	5335.06
4141.86     	5357.13
4160.96     	5379.18
4180.06     	5401.2
4199.16     	5423.2
4218.26     	5445.17
4237.36     	5467.12
4256.46     	5489.05
4275.55     	5510.95
4294.65     	5532.82
4313.75     	5554.67
4332.85     	5576.5
4351.95     	5598.3
4371.05     	5620.07
4390.14     	5641.82
4409.24     	5663.55
4428.34     	5685.25
4447.44     	5706.93
4466.54     	5728.58
4485.63     	5750.21
4504.73     	5771.82
4523.83     	5793.4
4542.93     	5814.95
4562.02     	5836.48
4581.12     	5857.99
4600.22     	5879.47
4619.32     	5900.92
4638.41     	5922.35
4657.51     	5943.76
4676.61     	5965.14
4695.71     	5986.5
4714.8      	6007.83
4733.9      	6029.14
4753        	6050.43
4772.09     	6071.69
4791.19     	6092.92
4810.29     	6114.13
4829.38     	6135.32
4848.48     	6156.48
4867.58     	6177.62
4886.67     	6198.73
4905.77     	6219.82
4924.87     	6240.88
4943.96     	6261.92
4963.06     	6282.93
4982.16     	6303.92
5001.25     	6324.88
5020.35     	6345.82
5039.45     	6366.74
5058.54     	6387.63
5077.64     	6408.5
5096.73     	6429.34
5115.83     	6450.16
5134.93     	6470.95
5154.02     	6491.72
5173.12     	6512.46
5192.21     	6533.18
5211.31     	6553.87
5230.41     	6574.54
5249.5      	6595.19
5268.6      	6615.81
5287.69     	6636.4
5306.79     	6656.98
5325.88     	6677.52
5344.98     	6698.05
5364.08     	6718.54
5383.17     	6739.02
5402.27     	6759.47
5421.36     	6779.89
5440.46     	6800.29
5459.55     	6820.67
5478.65     	6841.02
5497.75     	6861.34
5516.84     	6881.64
5535.94     	6901.92
5555.03     	6922.17
5574.13     	6942.4
5593.22     	6962.6
5612.32     	6982.78
5631.41     	7002.94
5650.51     	7023.07
5669.6      	7043.17
5688.7      	7063.25
5707.8      	7083.31
5726.89     	7103.34
5745.99     	7123.35
5765.08     	7143.33
5784.18     	7163.29
5803.27     	7183.22
5822.37     	7203.13
5841.46     	7223.01
5860.56     	7242.87
5879.65     	7262.71
5898.75     	7282.52
5917.84     	7302.31
5936.94     	7322.07
5956.03     	7341.8
5975.13     	7361.52
5994.22     	7381.2
6013.32     	7400.87
6032.41     	7420.51
6051.51     	7440.12
6070.6      	7459.71
6089.7      	7479.28
6108.79     	7498.82
6127.89     	7518.33
6146.98     	7537.82
6166.08     	7557.29
6185.17     	7576.73
6204.27     	7596.15
6223.36     	7615.55
6242.46     	7634.91
6261.55     	7654.26
6280.65     	7673.58
6299.74     	7692.87
6318.84     	7712.15
6337.93     	7731.39
6357.03     	7750.61
6376.12     	7769.81
6395.22     	7788.98
6414.31     	7808.13
6433.41     	7827.25
6452.5      	7846.35
6471.6      	7865.43
6490.69     	7884.48
6509.79     	7903.5
6528.88     	7922.5
6547.98     	7941.48
6567.07     	7960.43
6586.17     	7979.36
6605.26     	7998.26
6624.35     	8017.14
6643.45     	8036
6662.54     	8054.82
6681.64     	8073.63
6700.73     	8092.41
6719.83     	8111.16
6738.92     	8129.9
6758.02     	8148.6
6777.11     	8167.28
6796.21     	8185.94
6815.3      	8204.58
6834.4      	8223.18
6853.49     	8241.77
6872.59     	8260.33
6891.68     	8278.86
6910.78     	8297.37
6929.87     	8315.86
6948.96     	8334.32
6968.06     	8352.76
6987.15     	8371.17
7006.25     	8389.56
7025.34     	8407.92
7044.44     	8426.26
7063.53     	8444.57
7082.63     	8462.86
7101.72     	8481.13
7120.82     	8499.37
7139.91     	8517.58
7159.01     	8535.77
7178.1      	8553.94
7197.19     	8572.08
7216.29     	8590.2
7235.38     	8608.29
7254.48     	8626.36
7273.57     	8644.41
7292.67     	8662.43
7311.76     	8680.42
7330.86     	8698.39
7349.95     	8716.34
7369.05     	8734.26
7388.14     	8752.16
7407.24     	8770.03
7426.33     	8787.88
7445.42     	8805.7
7464.52     	8823.5
7483.61     	8841.28
7502.71     	8859.03
7521.8      	8876.75
7540.9      	8894.45
7559.99     	8912.13
7579.09     	8929.78
7598.18     	8947.41
7617.28     	8965.01
7636.37     	8982.59
7655.46     	9000.14
7674.56     	9017.67
7693.65     	9035.18
7712.75     	9052.66
7731.84     	9070.11
7750.94     	9087.54
7770.03     	9104.95
7789.13     	9122.33
7808.22     	9139.69
7827.31     	9157.02
7846.41     	9174.33
7865.5      	9191.61
7884.6      	9208.87
7903.69     	9226.11
7922.79     	9243.32
7941.88     	9260.5
7960.98     	9277.67
7980.07     	9294.8
7999.17     	9311.91
8018.26     	9329
8037.35     	9346.07
8056.45     	9363.1
8075.54     	9380.12
8094.64     	9397.11
8113.73     	9414.07
8132.83     	9431.01
8151.92     	9447.93
8171.02     	9464.82
8190.11     	9481.69
8209.2      	9498.53
8228.3      	9515.35
8247.39     	9532.14
8266.49     	9548.91
8285.58     	9565.65
8304.68     	9582.37
8323.77     	9599.07
8342.87     	9615.74
8361.96     	9632.39
8381.05     	9649.01
8400.15     	9665.61
8419.24     	9682.18
8438.34     	9698.73
8457.43     	9715.25
8476.53     	9731.75
8495.62     	9748.22
8514.72     	9764.67
8533.81     	9781.1
8552.9      	9797.5
8572        	9813.88
8591.09     	9830.23
8610.19     	9846.56
8629.28     	9862.86
8648.38     	9879.14
8667.47     	9895.39
8686.57     	9911.62
8705.66     	9927.82
8724.75     	9944
8743.85     	9960.16
8762.94     	9976.29
8782.04     	9992.4
8801.13     	10008.5
8820.23     	10024.5
8839.32     	10040.6
8858.42     	10056.6
8877.51     	10072.6
8896.6      	10088.5
8915.7      	10104.5
8934.79     	10120.4
8953.89     	10136.3
8972.98     	10152.1
8992.08     	10168
9011.17     	10183.8
9030.27     	10199.6
9049.36     	10215.3
9068.45     	10231.1
9087.55     	10246.8
9106.64     	10262.5
9125.74     	10278.1
9144.83     	10293.8
9163.93     	10309.4
9183.02     	10325
9202.12     	10340.5
9221.21     	10356.1
9240.3      	10371.6
9259.4      	10387.1
9278.49     	10402.6
9297.59     	10418
9316.68     	10433.4
9335.78     	10448.8
9354.87     	10464.2
9373.97     	10479.5
9393.06     	10494.9
9412.15     	10510.2
9431.25     	10525.4
9450.34     	10540.7
9469.44     	10555.9
9488.53     	10571.1
9507.63     	10586.3
9526.72     	10601.4
9545.81     	10616.6
9564.91     	10631.7
9584        	10646.7
9603.1      	10661.8
9622.19     	10676.8
9641.29     	10691.8
9660.38     	10706.8
9679.48     	10721.7
9698.57     	10736.7
9717.66     	10751.6
9736.76     	10766.5
9755.85     	10781.3
9774.95     	10796.1
9794.04     	10811
9813.14     	10825.7
9832.23     	10840.5
9851.33     	10855.2
9870.42     	10869.9
9889.51     	10884.6
9908.61     	10899.3
9927.7      	10913.9
9946.8      	10928.5
9965.89     	10943.1
9984.99     	10957.7
10004.1     	10972.2
10023.2     	10986.7
10042.3     	11001.2
10061.4     	11015.7
10080.5     	11030.1
10099.6     	11044.5
10118.6     	11058.9
10137.7     	11073.3
10156.8     	11087.6
10175.9     	11101.9
10195       	11116.2
10214.1     	11130.5
10233.2     	11144.7
10252.3     	11159
10271.4     	11173.2
10290.5     	11187.3
10309.6     	11201.5
10328.7     	11215.6
10347.8     	11229.7
10366.9     	11243.8
10386       	11257.8
10405.1     	11271.8
10424.2     	11285.8
10443.3     	11299.8
10462.3     	11313.7
10481.4     	11327.7
10500.5     	11341.6
10519.6     	11355.4
10538.7     	11369.3
10557.8     	11383.1
10576.9     	11396.9
10596       	11410.7
10615.1     	11424.4
10634.2     	11438.2
10653.3     	11451.9
10672.4     	11465.6
10691.5     	11479.2
10710.6     	11492.8
10729.7     	11506.4
10748.8     	11520
10767.9     	11533.6
10787       	11547.1
10806       	11560.6
10825.1     	11574.1
10844.2     	11587.6
10863.3     	11601
10882.4     	11614.4
10901.5     	11627.8
10920.6     	11641.1
10939.7     	11654.5
10958.8     	11667.8
10977.9     	11681.1
10997       	11694.3
11016.1     	11707.6
11035.2     	11720.8
11054.3     	11734
11073.4     	11747.1
11092.5     	11760.3
11111.6     	11773.4
11130.6     	11786.5
11149.7     	11799.6
11168.8     	11812.6
11187.9     	11825.6
11207       	11838.6
11226.1     	11851.6
11245.2     	11864.5
11264.3     	11877.4
11283.4     	11890.3
11302.5     	11903.2
11321.6     	11916
11340.7     	11928.9
11359.8     	11941.7
11378.9     	11954.4
11398       	11967.2
11417.1     	11979.9
11436.2     	11992.6
11455.3     	12005.3
11474.3     	12017.9
11493.4     	12030.5
11512.5     	12043.1
11531.6     	12055.7
11550.7     	12068.3
11569.8     	12080.8
11588.9     	12093.3
11608       	12105.8
11627.1     	12118.2
11646.2     	12130.6
11665.3     	12143
11684.4     	12155.4
11703.5     	12167.8
11722.6     	12180.1
11741.7     	12192.4
11760.8     	12204.7
11779.9     	12217
11799       	12229.2
11818       	12241.4
11837.1     	12253.6
11856.2     	12265.7
11875.3     	12277.9
11894.4     	12290
11913.5     	12302.1
11932.6     	12314.1
11951.7     	12326.2
11970.8     	12338.2
11989.9     	12350.2
12009       	12362.1
12028.1     	12374.1
12047.2     	12386
12066.3     	12397.9
12085.4     	12409.7
12104.5     	12421.6
12123.6     	12433.4
12142.7     	12445.2
12161.7     	12456.9
12180.8     	12468.7
12199.9     	12480.4
12219       	12492.1
12238.1     	12503.7
12257.2     	12515.4
12276.3     	12527
12295.4     	12538.6
12314.5     	12550.2
12333.6     	12561.7
12352.7     	12573.2
12371.8     	12584.7
12390.9     	12596.2
12410       	12607.7
12429.1     	12619.1
12448.2     	12630.5
12467.3     	12641.8
12486.4     	12653.2
12505.4     	12664.5
12524.5     	12675.8
12543.6     	12687.1
12562.7     	12698.3
12581.8     	12709.6
12600.9     	12720.8
12620       	12731.9
12639.1     	12743.1
12658.2     	12754.2
12677.3     	12765.3
12696.4     	12776.4
12715.5     	12787.5
12734.6     	12798.5
12753.7     	12809.5
12772.8     	12820.5
12791.9     	12831.4
12811       	12842.4
12830       	12853.3
12849.1     	12864.2
12868.2     	12875
12887.3     	12885.9
12906.4     	12896.7
12925.5     	12907.4
12944.6     	12918.2
12963.7     	12928.9
12982.8     	12939.7
13001.9     	12950.3
13021       	12961
13040.1     	12971.6
13059.2     	12982.3
13078.3     	12992.8
13097.4     	13003.4
13116.5     	13013.9
13135.6     	13024.5
13154.7     	13034.9
13173.7     	13045.4
13192.8     	13055.9
13211.9     	13066.3
13231       	13076.7
13250.1     	13087
13269.2     	13097.4
13288.3     	13107.7
13307.4     	13118
13326.5     	13128.3
13345.6     	13138.5
13364.7     	13148.7
13383.8     	13158.9
13402.9     	13169.1
13422       	13179.2
13441.1     	13189.4
13460.2     	13199.5
13479.3     	13209.5
13498.4     	13219.6
13517.4     	13229.6
13536.5     	13239.6
13555.6     	13249.6
13574.7     	13259.5
13593.8     	13269.5
13612.9     	13279.4
13632       	13289.2
13651.1     	13299.1
13670.2     	13308.9
13689.3     	13318.7
13708.4     	13328.5
13727.5     	13338.3
13746.6     	13348
13765.7     	13357.7
13784.8     	13367.4
13803.9     	13377
13823       	13386.7
13842.1     	13396.3
13861.1     	13405.9
13880.2     	13415.4
13899.3     	13424.9
13918.4     	13434.5
13937.5     	13443.9
13956.6     	13453.4
13975.7     	13462.8
13994.8     	13472.2
14013.9     	13481.6
14033       	13491
14052.1     	13500.3
14071.2     	13509.6
14090.3     	13518.9
14109.4     	13528.2
14128.5     	13537.4
14147.6     	13546.7
14166.7     	13555.8
14185.8     	13565
14204.8     	13574.2
14223.9     	13583.3
14243       	13592.4
14262.1     	13601.4
14281.2     	13610.5
14300.3     	13619.5
14319.4     	13628.5
14338.5     	13637.5
14357.6     	13646.4
14376.7     	13655.3
14395.8     	13664.2
14414.9     	13673.1
14434       	13681.9
14453.1     	13690.8
14472.2     	13699.6
14491.3     	13708.3
14510.4     	13717.1
14529.4     	13725.8
14548.5     	13734.5
14567.6     	13743.2
14586.7     	13751.8
14605.8     	13760.5
14624.9     	13769.1
14644       	13777.6
14663.1     	13786.2
14682.2     	13794.7
14701.3     	13803.2
14720.4     	13811.7
14739.5     	13820.2
14758.6     	13828.6
14777.7     	13837
14796.8     	13845.4
14815.9     	13853.7
14835       	13862.1
14854.1     	13870.4
14873.1     	13878.7
14892.2     	13886.9
14911.3     	13895.1
14930.4     	13903.4
14949.5     	13911.5
14968.6     	13919.7
14987.7     	13927.8
15006.8     	13935.9
15025.9     	13944
15045       	13952.1
15064.1     	13960.1
15083.2     	13968.1
15102.3     	13976.1
15121.4     	13984.1
15140.5     	13992
15159.6     	14000
15178.7     	14007.8
15197.8     	14015.7
15216.8     	14023.6
15235.9     	14031.4
15255       	14039.2
15274.1     	14046.9
15293.2     	14054.7
15312.3     	14062.4
15331.4     	14070.1
15350.5     	14077.8
15369.6     	14085.4
15388.7     	14093
15407.8     	14100.6
15426.9     	14108.2
15446       	14115.7
15465.1     	14123.3
15484.2     	14130.8
15503.3     	14138.2
15522.4     	14145.7
15541.5     	14153.1
15560.5     	14160.5
15579.6     	14167.9
15598.7     	14175.2
15617.8     	14182.6
15636.9     	14189.9
15656       	14197.1
15675.1     	14204.4
15694.2     	14211.6
15713.3     	14218.8
15732.4     	14226
15751.5     	14233.2
15770.6     	14240.3
15789.7     	14247.4
15808.8     	14254.5
15827.9     	14261.5
15847       	14268.6
15866.1     	14275.6
15885.1     	14282.6
15904.2     	14289.5
15923.3     	14296.5
15942.4     	14303.4
15961.5     	14310.3
15980.6     	14317.1
15999.7     	14323.9
16018.8     	14330.8
16037.9     	14337.5
16057       	14344.3
16076.1     	14351
16095.2     	14357.8
16114.3     	14364.5
16133.4     	14371.1
16152.5     	14377.8
16171.6     	14384.4
16190.7     	14391
16209.8     	14397.5
16228.8     	14404.1
16247.9     	14410.6
16267       	14417.1
16286.1     	14423.5
16305.2     	14430
16324.3     	14436.4
16343.4     	14442.8
16362.5     	14449.2
16381.6     	14455.5
16400.7     	14461.8
16419.8     	14468.1
16438.9     	14474.4
16458       	14480.7
16477.1     	14486.9
16496.2     	14493.1
16515.3     	14499.3
16534.4     	14505.4
16553.5     	14511.5
16572.5     	14517.6
16591.6     	14523.7
16610.7     	14529.8
16629.8     	14535.8
16648.9     	14541.8
16668       	14547.8
16687.1     	14553.7
16706.2     	14559.6
16725.3     	14565.5
16744.4     	14571.4
16763.5     	14577.3
16782.6     	14583.1
16801.7     	14588.9
16820.8     	14594.7
16839.9     	14600.5
16859       	14606.2
16878.1     	14611.9
16897.2     	14617.6
16916.2     	14623.2
16935.3     	14628.9
16954.4     	14634.5
16973.5     	14640.1
16992.6     	14645.6
17011.7     	14651.2
17030.8     	14656.7
17049.9     	14662.2
17069       	14667.6
17088.1     	14673.1
17107.2     	14678.5
17126.3     	14683.9
17145.4     	14689.2
17164.5     	14694.6
17183.6     	14699.9
17202.7     	14705.2
17221.8     	14710.5
17240.8     	14715.7
17259.9     	14720.9
17279       	14726.1
17298.1     	14731.3
17317.2     	14736.4
17336.3     	14741.5
17355.4     	14746.6
17374.5     	14751.7
17393.6     	14756.7
17412.7     	14761.8
17431.8     	14766.8
17450.9     	14771.7
17470       	14776.7
17489.1     	14781.6
17508.2     	14786.5
17527.3     	14791.4
17546.4     	14796.2
17565.5     	14801.1
17584.5     	14805.9
17603.6     	14810.6
17622.7     	14815.4
17641.8     	14820.1
17660.9     	14824.8
17680       	14829.5
17699.1     	14834.1
17718.2     	14838.8
17737.3     	14843.4
17756.4     	14848
17775.5     	14852.5
17794.6     	14857
17813.7     	14861.5
17832.8     	14866
17851.9     	14870.5
17871       	14874.9
17890.1     	14879.3
17909.2     	14883.7
17928.2     	14888.1
17947.3     	14892.4
17966.4     	14896.7
17985.5     	14901
18004.6     	14905.3
18023.7     	14909.5
18042.8     	14913.7
18061.9     	14917.9
18081       	14922.1
18100.1     	14926.2
18119.2     	14930.3
18138.3     	14934.4
18157.4     	14938.5
18176.5     	14942.5
18195.6     	14946.5
18214.7     	14950.5
18233.8     	14954.5
18252.9     	14958.4
18271.9     	14962.3
18291       	14966.2
18310.1     	14970.1
18329.2     	14973.9
18348.3     	14977.8
18367.4     	14981.6
18386.5     	14985.3
18405.6     	14989.1
18424.7     	14992.8
18443.8     	14996.5
18462.9     	15000.2
18482       	15003.8
18501.1     	15007.4
18520.2     	15011
18539.3     	15014.6
18558.4     	15018.2
18577.5     	15021.7
18596.6     	15025.2
18615.6     	15028.7
18634.7     	15032.1
18653.8     	15035.5
18672.9     	15038.9
18692       	15042.3
18711.1     	15045.7
18730.2     	15049
18749.3     	15052.3
18768.4     	15055.6
18787.5     	15058.8
18806.6     	15062.1
18825.7     	15065.3
18844.8     	15068.5
18863.9     	15071.6
18883       	15074.8
18902.1     	15077.9
18921.2     	15081
18940.2     	15084
18959.3     	15087
18978.4     	15090.1
18997.5     	15093
19016.6     	15096
19035.7     	15098.9
19054.8     	15101.9
19073.9     	15104.7
19093       	15107.6
19112.1     	15110.4
19131.2     	15113.3
19150.3     	15116
19169.4     	15118.8
19188.5     	15121.5
19207.6     	15124.3
19226.7     	15127
19245.8     	15129.6
19264.9     	15132.3
19283.9     	15134.9
19303       	15137.5
19322.1     	15140
19341.2     	15142.6
19360.3     	15145.1
19379.4     	15147.6
19398.5     	15150.1
19417.6     	15152.5
19436.7     	15154.9
19455.8     	15157.3
19474.9     	15159.7
19494       	15162.1
19513.1     	15164.4
19532.2     	15166.7
19551.3     	15169
19570.4     	15171.2
19589.5     	15173.4
19608.6     	15175.6
19627.6     	15177.8
19646.7     	15180
19665.8     	15182.1
19684.9     	15184.2
19704       	15186.3
19723.1     	15188.3
19742.2     	15190.4
19761.3     	15192.4
19780.4     	15194.3
19799.5     	15196.3
19818.6     	15198.2
19837.7     	15200.1
19856.8     	15202
19875.9     	15203.9
19895       	15205.7
19914.1     	15207.5
19933.2     	15209.3
19952.3     	15211.1
19971.3     	15212.8
19990.4     	15214.5
20009.5     	15216.2
20028.6     	15217.9
20047.7     	15219.5
20066.8     	15221.1
20085.9     	15222.7
20105       	15224.3
20124.1     	15225.8
20143.2     	15227.3
20162.3     	15228.8
20181.4     	15230.3
20200.5     	15231.7
20219.6     	15233.1
20238.7     	15234.5
20257.8     	15235.9
20276.9     	15237.2
20295.9     	15238.5
20315       	15239.8
20334.1     	15241.1
20353.2     	15242.3
20372.3     	15243.6
20391.4     	15244.8
20410.5     	15245.9
20429.6     	15247.1
20448.7     	15248.2
20467.8     	15249.3
20486.9     	15250.4
20506       	15251.4
20525.1     	15252.4
20544.2     	15253.4
20563.3     	15254.4
20582.4     	15255.4
20601.5     	15256.3
20620.6     	15257.2
20639.6     	15258.1
20658.7     	15258.9
20677.8     	15259.7
20696.9     	15260.5
20716       	15261.3
20735.1     	15262.1
20754.2     	15262.8
20773.3     	15263.5
20792.4     	15264.2
20811.5     	15264.9
20830.6     	15265.5
20849.7     	15266.1
20868.8     	15266.7
20887.9     	15267.2
20907       	15267.8
20926.1     	15268.3
20945.2     	15268.8
20964.3     	15269.2
20983.3     	15269.7
21002.4     	15270.1
21021.5     	15270.4
21040.6     	15270.8
21059.7     	15271.1
21078.8     	15271.5
21097.9     	15271.7
21117       	15272
21136.1     	15272.2
21155.2     	15272.5
21174.3     	15272.7
21193.4     	15272.8
21212.5     	15273
21231.6     	15273.1
21250.7     	15273.2
21269.8     	15273.2
21288.9     	15273.3
21308       	15273.3
21327       	15273.3
21346.1     	15273.3
21365.2     	15273.2
21384.3     	15273.1
21403.4     	15273
21422.5     	15272.9
21441.6     	15272.7
21460.7     	15272.6
21479.8     	15272.4
21498.9     	15272.1
21518       	15271.9
21537.1     	15271.6
21556.2     	15271.3
21575.3     	15271
21594.4     	15270.6
21613.5     	15270.3
21632.6     	15269.9
21651.7     	15269.4
21670.7     	15269
21689.8     	15268.5
21708.9     	15268
21728       	15267.5
21747.1     	15266.9
21766.2     	15266.4
21785.3     	15265.8
21804.4     	15265.2
21823.5     	15264.5
21842.6     	15263.8
21861.7     	15263.2
21880.8     	15262.4
21899.9     	15261.7
21919       	15260.9
21938.1     	15260.1
21957.2     	15259.3
21976.3     	15258.5
21995.3     	15257.6
22014.4     	15256.7
22033.5     	15255.8
22052.6     	15254.9
22071.7     	15253.9
22090.8     	15252.9
22109.9     	15251.9
22129       	15250.9
22148.1     	15249.8
22167.2     	15248.7
22186.3     	15247.6
22205.4     	15246.5
22224.5     	15245.3
22243.6     	15244.1
22262.7     	15242.9
22281.8     	15241.7
22300.9     	15240.4
22320       	15239.2
22339       	15237.9
22358.1     	15236.5
22377.2     	15235.2
22396.3     	15233.8
22415.4     	15232.4
22434.5     	15231
22453.6     	15229.5
22472.7     	15228
22491.8     	15226.5
22510.9     	15225
22530       	15223.4
22549.1     	15221.9
22568.2     	15220.3
22587.3     	15218.6
22606.4     	15217
22625.5     	15215.3
22644.6     	15213.6
22663.7     	15211.9
22682.7     	15210.2
22701.8     	15208.4
22720.9     	15206.6
22740       	15204.8
22759.1     	15202.9
22778.2     	15201
22797.3     	15199.2
22816.4     	15197.2
22835.5     	15195.3
22854.6     	15193.3
22873.7     	15191.3
22892.8     	15189.3
22911.9     	15187.3
22931       	15185.2
22950.1     	15183.1
22969.2     	15181
22988.3     	15178.9
23007.4     	15176.7
23026.4     	15174.5
23045.5     	15172.3
23064.6     	15170.1
23083.7     	15167.8
23102.8     	15165.5
23121.9     	15163.2
23141       	15160.9
23160.1     	15158.5
23179.2     	15156.1
23198.3     	15153.7
23217.4     	15151.3
23236.5     	15148.8
23255.6     	15146.3
23274.7     	15143.8
23293.8     	15141.3
23312.9     	15138.7
23332       	15136.1
23351       	15133.5
23370.1     	15130.9
23389.2     	15128.3
23408.3     	15125.6
23427.4     	15122.9
23446.5     	15120.1
23465.6     	15117.4
23484.7     	15114.6
23503.8     	15111.8
23522.9     	15109
23542       	15106.1
23561.1     	15103.3
23580.2     	15100.4
23599.3     	15097.4
23618.4     	15094.5
23637.5     	15091.5
23656.6     	15088.5
23675.7     	15085.5
23694.7     	15082.4
23713.8     	15079.4
23732.9     	15076.3
23752       	15073.1
23771.1     	15070
23790.2     	15066.8
23809.3     	15063.6
23828.4     	15060.4
23847.5     	15057.2
23866.6     	15053.9
23885.7     	15050.6
23904.8     	15047.3
23923.9     	15044
23943       	15040.6
23962.1     	15037.2
23981.2     	15033.8
24000.3     	15030.3
24019.4     	15026.9
24038.4     	15023.4
24057.5     	15019.9
24076.6     	15016.3
24095.7     	15012.8
24114.8     	15009.2
24133.9     	15005.6
24153       	15001.9
24172.1     	14998.3
24191.2     	14994.6
24210.3     	14990.9
24229.4     	14987.2
24248.5     	14983.4
24267.6     	14979.6
24286.7     	14975.8
24305.8     	14972
24324.9     	14968.1
24344       	14964.2
24363.1     	14960.3
24382.1     	14956.4
24401.2     	14952.4
24420.3     	14948.5
24439.4     	14944.5
24458.5     	14940.4
24477.6     	14936.4
24496.7     	14932.3
24515.8     	14928.2
24534.9     	14924.1
24554       	14919.9
24573.1     	14915.7
24592.2     	14911.5
24611.3     	14907.3
24630.4     	14903.1
24649.5     	14898.8
24668.6     	14894.5
24687.7     	14890.2
24706.7     	14885.8
24725.8     	14881.5
24744.9     	14877.1
24764       	14872.6
24783.1     	14868.2
24802.2     	14863.7
24821.3     	14859.2
24840.4     	14854.7
24859.5     	14850.2
24878.6     	14845.6
24897.7     	14841
24916.8     	14836.4
24935.9     	14831.7
24955       	14827.1
24974.1     	14822.4
24993.2     	14817.7
25012.3     	14812.9
25031.4     	14808.2
25050.4     	14803.4
25069.5     	14798.6
25088.6     	14793.7
25107.7     	14788.9
25126.8     	14784
25145.9     	14779.1
25165       	14774.1
25184.1     	14769.2
25203.2     	14764.2
25222.3     	14759.2
25241.4     	14754.1
25260.5     	14749.1
25279.6     	14744
25298.7     	14738.9
25317.8     	14733.8
25336.9     	14728.6
25356       	14723.4
25375.1     	14718.2
25394.1     	14713
25413.2     	14707.7
25432.3     	14702.5
25451.4     	14697.2
25470.5     	14691.8
25489.6     	14686.5
25508.7     	14681.1
25527.8     	14675.7
25546.9     	14670.3
25566       	14664.8
25585.1     	14659.3
25604.2     	14653.8
25623.3     	14648.3
25642.4     	14642.8
25661.5     	14637.2
25680.6     	14631.6
25699.7     	14626
25718.8     	14620.3
25737.8     	14614.7
25756.9     	14609
25776       	14603.2
25795.1     	14597.5
25814.2     	14591.7
25833.3     	14585.9
25852.4     	14580.1
25871.5     	14574.3
25890.6     	14568.4
25909.7     	14562.5
25928.8     	14556.6
25947.9     	14550.7
25967       	14544.7
25986.1     	14538.7
26005.2     	14532.7
26024.3     	14526.6
26043.4     	14520.6
26062.5     	14514.5
26081.5     	14508.4
26100.6     	14502.2
26119.7     	14496.1
26138.8     	14489.9
26157.9     	14483.7
26177       	14477.4
26196.1     	14471.2
26215.2     	14464.9
26234.3     	14458.6
26253.4     	14452.3
26272.5     	14445.9
26291.6     	14439.5
26310.7     	14433.1
26329.8     	14426.7
26348.9     	14420.2
26368       	14413.7
26387.1     	14407.2
26406.1     	14400.7
26425.2     	14394.1
26444.3     	14387.6
26463.4     	14381
26482.5     	14374.3
26501.6     	14367.7
26520.7     	14361
26539.8     	14354.3
26558.9     	14347.6
26578       	14340.8
26597.1     	14334.1
26616.2     	14327.3
26635.3     	14320.4
26654.4     	14313.6
26673.5     	14306.7
26692.6     	14299.8
26711.7     	14292.9
26730.8     	14285.9
26749.8     	14279
26768.9     	14272
26788       	14265
26807.1     	14257.9
26826.2     	14250.8
26845.3     	14243.7
26864.4     	14236.6
26883.5     	14229.5
26902.6     	14222.3
26921.7     	14215.1
26940.8     	14207.9
26959.9     	14200.7
26979       	14193.4
26998.1     	14186.1
27017.2     	14178.8
27036.3     	14171.5
27055.4     	14164.1
27074.5     	14156.7
27093.5     	14149.3
27112.6     	14141.9
27131.7     	14134.4
27150.8     	14126.9
27169.9     	14119.4
27189       	14111.9
27208.1     	14104.3
27227.2     	14096.7
27246.3     	14089.1
27265.4     	14081.5
27284.5     	14073.8
27303.6     	14066.1
27322.7     	14058.4
27341.8     	14050.7
27360.9     	14042.9
27380       	14035.2
27399.1     	14027.3
27418.2     	14019.5
27437.2     	14011.7
27456.3     	14003.8
27475.4     	13995.9
27494.5     	13988
27513.6     	13980
27532.7     	13972
27551.8     	13964
27570.9     	13956
27590       	13947.9
27609.1     	13939.9
27628.2     	13931.8
27647.3     	13923.6
27666.4     	13915.5
27685.5     	13907.3
27704.6     	13899.1
27723.7     	13890.9
27742.8     	13882.7
27761.8     	13874.4
27780.9     	13866.1
27800       	13857.8
27819.1     	13849.4
27838.2     	13841.1
27857.3     	13832.7
27876.4     	13824.2
27895.5     	13815.8
27914.6     	13807.3
27933.7     	13798.8
27952.8     	13790.3
27971.9     	13781.8
27991       	13773.2
28010.1     	13764.6
28029.2     	13756
28048.3     	13747.4
28067.4     	13738.7
28086.5     	13730
28105.5     	13721.3
28124.6     	13712.6
28143.7     	13703.8
28162.8     	13695
28181.9     	13686.2
28201       	13677.4
28220.1     	13668.5
28239.2     	13659.6
28258.3     	13650.7
28277.4     	13641.8
28296.5     	13632.8
28315.6     	13623.9
28334.7     	13614.8
28353.8     	13605.8
28372.9     	13596.8
28392       	13587.7
28411.1     	13578.6
28430.2     	13569.4
28449.2     	13560.3
28468.3     	13551.1
28487.4     	13541.9
28506.5     	13532.7
28525.6     	13523.4
28544.7     	13514.2
28563.8     	13504.8
28582.9     	13495.5
28602       	13486.2
28621.1     	13476.8
28640.2     	13467.4
28659.3     	13458
28678.4     	13448.5
28697.5     	13439.1
28716.6     	13429.6
28735.7     	13420
28754.8     	13410.5
28773.9     	13400.9
28792.9     	13391.3
28812       	13381.7
28831.1     	13372.1
28850.2     	13362.4
28869.3     	13352.7
28888.4     	13343
28907.5     	13333.2
28926.6     	13323.5
28945.7     	13313.7
28964.8     	13303.9
28983.9     	13294
29003       	13284.2
29022.1     	13274.3
29041.2     	13264.3
29060.3     	13254.4
29079.4     	13244.4
29098.5     	13234.5
29117.5     	13224.4
29136.6     	13214.4
29155.7     	13204.3
29174.8     	13194.3
29193.9     	13184.1
29213       	13174
29232.1     	13163.9
29251.2     	13153.7
29270.3     	13143.5
29289.4     	13133.2
29308.5     	13123
29327.6     	13112.7
29346.7     	13102.4
29365.8     	13092
29384.9     	13081.7
29404       	13071.3
29423.1     	13060.9
29442.2     	13050.5
29461.2     	13040
29480.3     	13029.5
29499.4     	13019
29518.5     	13008.5
29537.6     	12998
29556.7     	12987.4
29575.8     	12976.8
29594.9     	12966.2
29614       	12955.5
29633.1     	12944.8
29652.2     	12934.1
29671.3     	12923.4
29690.4     	12912.7
29709.5     	12901.9
29728.6     	12891.1
29747.7     	12880.3
29766.8     	12869.4
29785.9     	12858.6
29804.9     	12847.7
29824       	12836.7
29843.1     	12825.8
29862.2     	12814.8
29881.3     	12803.8
29900.4     	12792.8
29919.5     	12781.8
29938.6     	12770.7
29957.7     	12759.6
29976.8     	12748.5
29995.9     	12737.4
30015       	12726.2
30034.1     	12715
30053.2     	12703.8
30072.3     	12692.5
30091.4     	12681.3
30110.5     	12670
30129.6     	12658.7
30148.6     	12647.3
30167.7     	12636
30186.8     	12624.6
30205.9     	12613.2
30225       	12601.8
30244.1     	12590.3
30263.2     	12578.8
30282.3     	12567.3
30301.4     	12555.8
30320.5     	12544.2
30339.6     	12532.6
30358.7     	12521
30377.8     	12509.4
30396.9     	12497.7
30416       	12486.1
30435.1     	12474.4
30454.2     	12462.6
30473.2     	12450.9
30492.3     	12439.1
30511.4     	12427.3
30530.5     	12415.5
30549.6     	12403.6
30568.7     	12391.7
30587.8     	12379.8
30606.9     	12367.9
30626       	12356
30645.1     	12344
30664.2     	12332
30683.3     	12320
30702.4     	12307.9
30721.5     	12295.8
30740.6     	12283.7
30759.7     	12271.6
30778.8     	12259.5
30797.9     	12247.3
30816.9     	12235.1
30836       	12222.9
30855.1     	12210.6
30874.2     	12198.4
30893.3     	12186.1
30912.4     	12173.8
30931.5     	12161.4
30950.6     	12149.1
30969.7     	12136.7
30988.8     	12124.2
31007.9     	12111.8
31027       	12099.3
31046.1     	12086.9
31065.2     	12074.3
31084.3     	12061.8
31103.4     	12049.2
31122.5     	12036.6
31141.6     	12024
31160.6     	12011.4
31179.7     	11998.7
31198.8     	11986.1
31217.9     	11973.3
31237       	11960.6
31256.1     	11947.8
31275.2     	11935.1
31294.3     	11922.3
31313.4     	11909.4
31332.5     	11896.6
31351.6     	11883.7
31370.7     	11870.8
31389.8     	11857.8
31408.9     	11844.9
31428       	11831.9
31447.1     	11818.9
31466.2     	11805.9
31485.3     	11792.8
31504.3     	11779.7
31523.4     	11766.6
31542.5     	11753.5
31561.6     	11740.4
31580.7     	11727.2
31599.8     	11714
31618.9     	11700.8
31638       	11687.5
31657.1     	11674.2
31676.2     	11660.9
31695.3     	11647.6
31714.4     	11634.3
31733.5     	11620.9
31752.6     	11607.5
31771.7     	11594.1
31790.8     	11580.6
31809.9     	11567.2
31828.9     	11553.7
31848       	11540.1
31867.1     	11526.6
31886.2     	11513
31905.3     	11499.4
31924.4     	11485.8
31943.5     	11472.2
31962.6     	11458.5
31981.7     	11444.8
32000.8     	11431.1
32019.9     	11417.4
32039       	11403.6
32058.1     	11389.8
32077.2     	11376
32096.3     	11362.2
32115.4     	11348.3
32134.5     	11334.4
32153.6     	11320.5
32172.6     	11306.6
32191.7     	11292.6
32210.8     	11278.6
32229.9     	11264.6
32249       	11250.6
32268.1     	11236.5
32287.2     	11222.4
32306.3     	11208.3
32325.4     	11194.2
32344.5     	11180
32363.6     	11165.8
32382.7     	11151.6
32401.8     	11137.4
32420.9     	11123.2
32440       	11108.9
32459.1     	11094.6
32478.2     	11080.2
32497.3     	11065.9
32516.3     	11051.5
32535.4     	11037.1
32554.5     	11022.7
32573.6     	11008.2
32592.7     	10993.8
32611.8     	10979.3
32630.9     	10964.7
32650       	10950.2
32669.1     	10935.6
32688.2     	10921
32707.3     	10906.4
32726.4     	10891.7
32745.5     	10877.1
32764.6     	10862.4
32783.7     	10847.6
32802.8     	10832.9
32821.9     	10818.1
32840.9     	10803.3
32860       	10788.5
32879.1     	10773.7
32898.2     	10758.8
32917.3     	10743.9
32936.4     	10729
32955.5     	10714
32974.6     	10699.1
32993.7     	10684.1
33012.8     	10669.1
33031.9     	10654
33051       	10639
33070.1     	10623.9
33089.2     	10608.8
33108.3     	10593.6
33127.4     	10578.5
33146.5     	10563.3
33165.6     	10548.1
33184.6     	10532.8
33203.7     	10517.6
33222.8     	10502.3
33241.9     	10487
33261       	10471.6
33280.1     	10456.3
33299.2     	10440.9
33318.3     	10425.5
33337.4     	10410.1
33356.5     	10394.6
33375.6     	10379.1
33394.7     	10363.6
33413.8     	10348.1
33432.9     	10332.5
33452       	10316.9
33471.1     	10301.3
33490.2     	10285.7
33509.3     	10270.1
33528.3     	10254.4
33547.4     	10238.7
33566.5     	10223
33585.6     	10207.2
33604.7     	10191.4
33623.8     	10175.6
33642.9     	10159.8
33662       	10144
33681.1     	10128.1
33700.2     	10112.2
33719.3     	10096.3
33738.4     	10080.3
33757.5     	10064.3
33776.6     	10048.3
33795.7     	10032.3
33814.8     	10016.3
33833.9     	10000.2
33852.9     	9984.11
33872       	9967.99
33891.1     	9951.85
33910.2     	9935.68
33929.3     	9919.48
33948.4     	9903.27
33967.5     	9887.03
33986.6     	9870.76
34005.7     	9854.47
34024.8     	9838.15
34043.9     	9821.81
34063       	9805.45
34082.1     	9789.06
34101.2     	9772.65
34120.3     	9756.21
34139.4     	9739.75
34158.5     	9723.26
34177.6     	9706.75
34196.6     	9690.21
34215.7     	9673.65
34234.8     	9657.06
34253.9     	9640.45
34273       	9623.82
34292.1     	9607.16
34311.2     	9590.48
34330.3     	9573.77
34349.4     	9557.04
34368.5     	9540.28
34387.6     	9523.5
34406.7     	9506.69
34425.8     	9489.86
34444.9     	9473.01
34464       	9456.13
34483.1     	9439.23
34502.2     	9422.3
34521.2     	9405.34
34540.3     	9388.37
34559.4     	9371.36
34578.5     	9354.34
34597.6     	9337.29
34616.7     	9320.21
34635.8     	9303.11
34654.9     	9285.99
34674       	9268.84
34693.1     	9251.66
34712.2     	9234.47
34731.3     	9217.24
34750.4     	9200
34769.5     	9182.72
34788.6     	9165.43
34807.7     	9148.11
34826.8     	9130.76
34845.9     	9113.39
34864.9     	9096
34884       	9078.58
34903.1     	9061.13
34922.2     	9043.67
34941.3     	9026.17
34960.4     	9008.66
34979.5     	8991.11
34998.6     	8973.55
35017.7     	8955.96
35036.8     	8938.34
35055.9     	8920.7
35075       	8903.04
35094.1     	8885.35
35113.2     	8867.64
35132.3     	8849.9
35151.4     	8832.14
35170.5     	8814.35
35189.5     	8796.54
35208.6     	8778.7
35227.7     	8760.84
35246.8     	8742.96
35265.9     	8725.05
35285       	8707.11
35304.1     	8689.16
35323.2     	8671.17
35342.3     	8653.17
35361.4     	8635.13
35380.5     	8617.08
35399.6     	8599
35418.7     	8580.89
35437.8     	8562.76
35456.9     	8544.61
35476       	8526.43
35495.1     	8508.22
35514.1     	8489.99
35533.2     	8471.74
35552.3     	8453.46
35571.4     	8435.16
35590.5     	8416.84
35609.6     	8398.49
35628.7     	8380.11
35647.8     	8361.71
35666.9     	8343.29
35686       	8324.84
35705.1     	8306.36
35724.2     	8287.87
35743.3     	8269.34
35762.4     	8250.8
35781.5     	8232.23
35800.6     	8213.63
35819.7     	8195.01
35838.7     	8176.36
35857.8     	8157.69
35876.9     	8139
35896       	8120.28
35915.1     	8101.54
35934.2     	8082.77
35953.3     	8063.98
35972.4     	8045.16
35991.5     	8026.32
36010.6     	8007.46
36029.7     	7988.57
36048.8     	7969.65
36067.9     	7950.71
36087       	7931.75
36106.1     	7912.76
36125.2     	7893.75
36144.3     	7874.71
36163.3     	7855.65
36182.4     	7836.56
36201.5     	7817.45
36220.6     	7798.31
36239.7     	7779.15
36258.8     	7759.97
36277.9     	7740.76
36297       	7721.53
36316.1     	7702.27
36335.2     	7682.99
36354.3     	7663.68
36373.4     	7644.35
36392.5     	7624.99
36411.6     	7605.61
36430.7     	7586.21
36449.8     	7566.78
36468.8     	7547.32
36487.9     	7527.84
36507       	7508.34
36526.1     	7488.81
36545.2     	7469.26
36564.3     	7449.68
36583.4     	7430.08
36602.5     	7410.46
36621.6     	7390.81
36640.7     	7371.13
36659.8     	7351.43
36678.9     	7331.71
36698       	7311.96
36717.1     	7292.19
36736.2     	7272.39
36755.3     	7252.57
36774.3     	7232.72
36793.4     	7212.85
36812.5     	7192.96
36831.6     	7173.04
36850.7     	7153.09
36869.8     	7133.12
36888.9     	7113.13
36908       	7093.11
36927.1     	7073.07
36946.2     	7053
36965.3     	7032.91
36984.4     	7012.8
37003.5     	6992.66
37022.6     	6972.49
37041.7     	6952.3
37060.7     	6932.09
37079.8     	6911.85
37098.9     	6891.59
37118       	6871.3
37137.1     	6850.99
37156.2     	6830.65
37175.3     	6810.29
37194.4     	6789.91
37213.5     	6769.5
37232.6     	6749.06
37251.7     	6728.6
37270.8     	6708.12
37289.9     	6687.61
37309       	6667.08
37328.1     	6646.52
37347.1     	6625.94
37366.2     	6605.33
37385.3     	6584.7
37404.4     	6564.05
37423.5     	6543.37
37442.6     	6522.67
37461.7     	6501.94
37480.8     	6481.18
37499.9     	6460.41
37519       	6439.6
37538.1     	6418.78
37557.2     	6397.93
37576.3     	6377.05
37595.4     	6356.15
37614.4     	6335.23
37633.5     	6314.28
37652.6     	6293.31
37671.7     	6272.31
37690.8     	6251.29
37709.9     	6230.24
37729       	6209.17
37748.1     	6188.07
37767.2     	6166.95
37786.3     	6145.81
37805.4     	6124.64
37824.5     	6103.45
37843.6     	6082.23
37862.6     	6060.99
37881.7     	6039.72
37900.8     	6018.43
37919.9     	5997.11
37939       	5975.77
37958.1     	5954.41
37977.2     	5933.02
37996.3     	5911.6
38015.4     	5890.17
38034.5     	5868.7
38053.6     	5847.22
38072.7     	5825.7
38091.7     	5804.17
38110.8     	5782.61
38129.9     	5761.02
38149       	5739.41
38168.1     	5717.78
38187.2     	5696.12
38206.3     	5674.44
38225.4     	5652.73
38244.5     	5631
38263.6     	5609.24
38282.7     	5587.46
38301.7     	5565.66
38320.8     	5543.83
38339.9     	5521.98
38359       	5500.1
38378.1     	5478.19
38397.2     	5456.27
38416.3     	5434.32
38435.4     	5412.34
38454.5     	5390.34
38473.6     	5368.32
38492.6     	5346.27
38511.7     	5324.19
38530.8     	5302.09
38549.9     	5279.97
38569       	5257.83
38588.1     	5235.65
38607.2     	5213.46
38626.3     	5191.24
38645.4     	5169
38664.4     	5146.73
38683.5     	5124.43
38702.6     	5102.12
38721.7     	5079.77
38740.8     	5057.41
38759.9     	5035.02
38779       	5012.6
38798.1     	4990.16
38817.1     	4967.7
38836.2     	4945.21
38855.3     	4922.7
38874.4     	4900.16
38893.5     	4877.6
38912.6     	4855.02
38931.7     	4832.41
38950.8     	4809.77
38969.8     	4787.12
38988.9     	4764.43
39008       	4741.73
39027.1     	4719
39046.2     	4696.24
39065.3     	4673.46
39084.4     	4650.66
39103.4     	4627.83
39122.5     	4604.98
39141.6     	4582.1
39160.7     	4559.2
39179.8     	4536.27
39198.9     	4513.32
39217.9     	4490.35
39237       	4467.35
39256.1     	4444.33
39275.2     	4421.28
39294.3     	4398.21
39313.4     	4375.12
39332.4     	4352
39351.5     	4328.86
39370.6     	4305.69
39389.7     	4282.5
39408.8     	4259.28
39427.8     	4236.04
39446.9     	4212.78
39466       	4189.49
39485.1     	4166.18
39504.2     	4142.84
39523.2     	4119.48
39542.3     	4096.1
39561.4     	4072.69
39580.5     	4049.26
39599.5     	4025.8
39618.6     	4002.32
39637.7     	3978.82
39656.8     	3955.29
39675.9     	3931.74
39694.9     	3908.16
39714       	3884.56
39733.1     	3860.93
39752.2     	3837.29
39771.2     	3813.61
39790.3     	3789.92
39809.4     	3766.2
39828.4     	3742.45
39847.5     	3718.69
39866.6     	3694.89
39885.7     	3671.08
39904.7     	3647.24
39923.8     	3623.38
39942.9     	3599.49
39961.9     	3575.58
39981       	3551.64
40000.1     	3527.69
40019.1     	3503.71
40038.2     	3479.7
40057.3     	3455.67
40076.3     	3431.62
40095.4     	3407.54
40114.4     	3383.44
40133.5     	3359.32
40152.6     	3335.17
40171.6     	3311
40190.7     	3286.81
40209.7     	3262.59
40228.8     	3238.35
40247.9     	3214.09
40266.9     	3189.8
40286       	3165.49
40305       	3141.15
40324.1     	3116.8
40343.1     	3092.42
40362.2     	3068.01
40381.2     	3043.59
40400.3     	3019.14
40419.3     	2994.66
40438.4     	2970.17
40457.4     	2945.65
40476.4     	2921.11
40495.5     	2896.54
40514.5     	2871.95
40533.6     	2847.34
40552.6     	2822.71
40571.6     	2798.05
40590.7     	2773.38
40609.7     	2748.67
40628.7     	2723.95
40647.8     	2699.2
40666.8     	2674.43
40685.8     	2649.64
40704.9     	2624.83
40723.9     	2599.99
40742.9     	2575.13
40761.9     	2550.25
40780.9     	2525.35
40800       	2500.43
40819       	2475.48
40838       	2450.51
40857       	2425.52
40876       	2400.51
40895       	2375.47
40914       	2350.41
40933       	2325.34
40952       	2300.24
40971       	2275.12
40990       	2249.98
41009       	2224.81
41028       	2199.63
41047       	2174.42
41066       	2149.2
41085       	2123.95
41103.9     	2098.68
41122.9     	2073.39
41141.9     	2048.08
41160.9     	2022.75
41179.8     	1997.4
41198.8     	1972.03
41217.8     	1946.64
41236.7     	1921.23
41255.7     	1895.8
41274.6     	1870.35
41293.6     	1844.88
41312.5     	1819.39
41331.5     	1793.88
41350.4     	1768.35
41369.3     	1742.8
41388.3     	1717.23
41407.2     	1691.65
41426.1     	1666.04
41445       	1640.42
41463.9     	1614.78
41482.8     	1589.12
41501.7     	1563.44
41520.6     	1537.75
41539.5     	1512.04
41558.4     	1486.31
41577.3     	1460.56
41596.2     	1434.79
41615       	1409.01
41633.9     	1383.21
41652.7     	1357.4
41671.6     	1331.57
41690.4     	1305.72
41709.3     	1279.86
41728.1     	1253.98
41746.9     	1228.09
41765.8     	1202.18
41784.6     	1176.25
41803.4     	1150.32
41822.2     	1124.36
41841       	1098.4
41859.8     	1072.42
41878.5     	1046.43
41897.3     	1020.42
41916       	994.399
41934.8     	968.367
41953.5     	942.324
41972.3     	916.268
41991       	890.2
42009.7     	864.122
42028.4     	838.033
42047.1     	811.933
42065.8     	785.824
42084.4     	759.704
42103.1     	733.576
42121.8     	707.438
42140.4     	681.293
42159       	655.139
42177.6     	628.978
42196.2     	602.809
42214.8     	576.634
42233.4     	550.453
42252       	524.267
42270.5     	498.075
42289       	471.878
42307.6     	445.678
42326.1     	419.474
42344.6     	393.267
42363       	367.057
42381.5     	340.846
42399.9     	314.633
42418.3     	288.42
42436.8     	262.207
42455.1     	235.994
42473.5     	209.783
42491.9     	183.574
42510.2     	157.367
42528.5     	131.164
42546.8     	104.965
42565.1     	78.7703
42583.3     	52.5816
42601.6     	26.3993
42619.8     	0.224202
42638       	0
