0           	0
22.4976     	26.8116
44.9636     	53.561
67.3991     	80.2496
89.805      	106.878
112.182     	133.448
134.531     	159.961
156.853     	186.416
179.149     	212.816
201.419     	239.161
223.664     	265.453
245.885     	291.691
268.083     	317.877
290.258     	344.011
312.411     	370.095
334.542     	396.129
356.652     	422.114
378.742     	448.051
400.813     	473.94
422.864     	499.782
444.897     	525.577
466.911     	551.327
488.908     	577.032
510.887     	602.692
532.85      	628.308
554.797     	653.88
576.728     	679.41
598.643     	704.897
620.544     	730.343
642.43      	755.747
664.302     	781.11
686.16      	806.432
708.005     	831.715
729.837     	856.958
751.656     	882.161
773.462     	907.326
795.257     	932.453
817.04      	957.541
838.812     	982.592
860.572     	1007.61
882.322     	1032.58
904.061     	1057.52
925.79      	1082.43
947.509     	1107.29
969.218     	1132.13
990.918     	1156.92
1012.61     	1181.68
1034.29     	1206.41
1055.96     	1231.1
1077.63     	1255.76
1099.28     	1280.39
1120.93     	1304.98
1142.57     	1329.53
1164.2      	1354.06
1185.83     	1378.55
1207.45     	1403.01
1229.06     	1427.43
1250.66     	1451.82
1272.26     	1476.19
1293.85     	1500.51
1315.43     	1524.81
1337.01     	1549.08
1358.58     	1573.31
1380.14     	1597.51
1401.7      	1621.69
1423.26     	1645.83
1444.81     	1669.94
1466.35     	1694.02
1487.89     	1718.07
1509.42     	1742.09
1530.95     	1766.08
1552.47     	1790.03
1573.99     	1813.96
1595.5      	1837.86
1617.01     	1861.73
1638.52     	1885.57
1660.02     	1909.39
1681.51     	1933.17
1703.01     	1956.92
1724.49     	1980.65
1745.98     	2004.34
1767.46     	2028.01
1788.93     	2051.65
1810.41     	2075.26
1831.88     	2098.84
1853.34     	2122.39
1874.81     	2145.92
1896.27     	2169.41
1917.72     	2192.88
1939.18     	2216.32
1960.63     	2239.74
1982.07     	2263.12
2003.52     	2286.48
2024.96     	2309.81
2046.4      	2333.11
2067.83     	2356.39
2089.27     	2379.63
2110.7      	2402.85
2132.13     	2426.05
2153.55     	2449.21
2174.97     	2472.35
2196.4      	2495.46
2217.81     	2518.55
2239.23     	2541.6
2260.65     	2564.64
2282.06     	2587.64
2303.47     	2610.62
2324.88     	2633.57
2346.28     	2656.49
2367.69     	2679.39
2389.09     	2702.26
2410.49     	2725.1
2431.89     	2747.92
2453.29     	2770.71
2474.68     	2793.48
2496.07     	2816.22
2517.47     	2838.93
2538.86     	2861.62
2560.25     	2884.28
2581.63     	2906.91
2603.02     	2929.52
2624.4      	2952.1
2645.79     	2974.66
2667.17     	2997.19
2688.55     	3019.69
2709.93     	3042.17
2731.31     	3064.62
2752.68     	3087.05
2774.06     	3109.45
2795.43     	3131.82
2816.8      	3154.17
2838.17     	3176.49
2859.55     	3198.79
2880.91     	3221.06
2902.28     	3243.31
2923.65     	3265.53
2945.02     	3287.72
2966.38     	3309.89
2987.75     	3332.04
3009.11     	3354.16
3030.47     	3376.25
3051.83     	3398.32
3073.19     	3420.36
3094.55     	3442.37
3115.91     	3464.36
3137.27     	3486.33
3158.63     	3508.27
3179.98     	3530.19
3201.34     	3552.07
3222.69     	3573.94
3244.05     	3595.78
3265.4      	3617.59
3286.75     	3639.38
3308.1      	3661.14
3329.46     	3682.88
3350.81     	3704.59
3372.16     	3726.28
3393.5      	3747.94
3414.85     	3769.58
3436.2      	3791.19
3457.55     	3812.78
3478.9      	3834.34
3500.24     	3855.88
3521.59     	3877.39
3542.93     	3898.88
3564.28     	3920.34
3585.62     	3941.78
3606.96     	3963.19
3628.31     	3984.57
3649.65     	4005.93
3670.99     	4027.27
3692.33     	4048.58
3713.68     	4069.87
3735.02     	4091.13
3756.36     	4112.37
3777.7      	4133.58
3799.04     	4154.76
3820.37     	4175.93
3841.71     	4197.06
3863.05     	4218.18
3884.39     	4239.26
3905.73     	4260.32
3927.06     	4281.36
3948.4      	4302.37
3969.74     	4323.36
3991.07     	4344.32
4012.41     	4365.26
4033.74     	4386.17
4055.08     	4407.06
4076.41     	4427.92
4097.75     	4448.76
4119.08     	4469.58
4140.41     	4490.37
4161.75     	4511.13
4183.08     	4531.87
4204.41     	4552.58
4225.75     	4573.27
4247.08     	4593.94
4268.41     	4614.58
4289.74     	4635.19
4311.08     	4655.78
4332.41     	4676.35
4353.74     	4696.89
4375.07     	4717.4
4396.4      	4737.9
4417.73     	4758.36
4439.06     	4778.8
4460.39     	4799.22
4481.72     	4819.61
4503.05     	4839.98
4524.38     	4860.32
4545.71     	4880.64
4567.04     	4900.94
4588.37     	4921.2
4609.69     	4941.45
4631.02     	4961.67
4652.35     	4981.86
4673.68     	5002.03
4695.01     	5022.18
4716.33     	5042.3
4737.66     	5062.39
4758.99     	5082.47
4780.32     	5102.51
4801.64     	5122.53
4822.97     	5142.53
4844.3      	5162.5
4865.62     	5182.45
4886.95     	5202.38
4908.28     	5222.27
4929.6      	5242.15
4950.93     	5262
4972.25     	5281.82
4993.58     	5301.62
5014.91     	5321.4
5036.23     	5341.15
5057.56     	5360.88
5078.88     	5380.58
5100.21     	5400.25
5121.53     	5419.91
5142.86     	5439.53
5164.18     	5459.14
5185.51     	5478.71
5206.83     	5498.27
5228.16     	5517.8
5249.48     	5537.3
5270.81     	5556.78
5292.13     	5576.24
5313.45     	5595.67
5334.78     	5615.07
5356.1      	5634.46
5377.43     	5653.81
5398.75     	5673.14
5420.07     	5692.45
5441.4      	5711.74
5462.72     	5730.99
5484.04     	5750.23
5505.37     	5769.44
5526.69     	5788.62
5548.01     	5807.78
5569.34     	5826.92
5590.66     	5846.03
5611.98     	5865.11
5633.31     	5884.18
5654.63     	5903.21
5675.95     	5922.23
5697.27     	5941.21
5718.6      	5960.18
5739.92     	5979.12
5761.24     	5998.03
5782.57     	6016.92
5803.89     	6035.78
5825.21     	6054.62
5846.53     	6073.44
5867.85     	6092.23
5889.18     	6111
5910.5      	6129.74
5931.82     	6148.46
5953.14     	6167.15
5974.46     	6185.82
5995.79     	6204.46
6017.11     	6223.08
6038.43     	6241.68
6059.75     	6260.25
6081.07     	6278.79
6102.4      	6297.31
6123.72     	6315.81
6145.04     	6334.28
6166.36     	6352.73
6187.68     	6371.15
6209        	6389.55
6230.33     	6407.92
6251.65     	6426.27
6272.97     	6444.6
6294.29     	6462.9
6315.61     	6481.17
6336.93     	6499.42
6358.25     	6517.65
6379.57     	6535.85
6400.9      	6554.03
6422.22     	6572.18
6443.54     	6590.31
6464.86     	6608.41
6486.18     	6626.49
6507.5      	6644.55
6528.82     	6662.58
6550.14     	6680.58
6571.46     	6698.56
6592.78     	6716.52
6614.1      	6734.45
6635.43     	6752.36
6656.75     	6770.24
6678.07     	6788.1
6699.39     	6805.93
6720.71     	6823.74
6742.03     	6841.53
6763.35     	6859.29
6784.67     	6877.02
6805.99     	6894.73
6827.31     	6912.42
6848.63     	6930.08
6869.95     	6947.72
6891.27     	6965.33
6912.59     	6982.92
6933.91     	7000.48
6955.23     	7018.02
6976.55     	7035.53
6997.88     	7053.02
7019.2      	7070.49
7040.52     	7087.93
7061.84     	7105.35
7083.16     	7122.74
7104.48     	7140.11
7125.8      	7157.45
7147.12     	7174.77
7168.44     	7192.06
7189.76     	7209.33
7211.08     	7226.57
7232.4      	7243.79
7253.72     	7260.99
7275.04     	7278.16
7296.36     	7295.31
7317.68     	7312.43
7339        	7329.52
7360.32     	7346.6
7381.64     	7363.65
7402.96     	7380.67
7424.28     	7397.67
7445.6      	7414.64
7466.92     	7431.59
7488.24     	7448.52
7509.56     	7465.42
7530.88     	7482.3
7552.2      	7499.15
7573.52     	7515.97
7594.84     	7532.78
7616.16     	7549.56
7637.48     	7566.31
7658.8      	7583.04
7680.12     	7599.74
7701.44     	7616.42
7722.76     	7633.08
7744.08     	7649.71
7765.4      	7666.32
7786.72     	7682.9
7808.04     	7699.46
7829.36     	7715.99
7850.68     	7732.5
7872        	7748.98
7893.32     	7765.44
7914.64     	7781.87
7935.96     	7798.29
7957.28     	7814.67
7978.59     	7831.03
7999.91     	7847.37
8021.23     	7863.68
8042.55     	7879.97
8063.87     	7896.23
8085.19     	7912.47
8106.51     	7928.68
8127.83     	7944.87
8149.15     	7961.04
8170.47     	7977.18
8191.79     	7993.29
8213.11     	8009.39
8234.43     	8025.45
8255.75     	8041.5
8277.07     	8057.51
8298.39     	8073.51
8319.71     	8089.47
8341.03     	8105.42
8362.35     	8121.34
8383.67     	8137.23
8404.99     	8153.1
8426.31     	8168.95
8447.63     	8184.77
8468.95     	8200.57
8490.27     	8216.34
8511.59     	8232.09
8532.9      	8247.81
8554.22     	8263.51
8575.54     	8279.19
8596.86     	8294.84
8618.18     	8310.46
8639.5      	8326.06
8660.82     	8341.64
8682.14     	8357.19
8703.46     	8372.72
8724.78     	8388.22
8746.1      	8403.7
8767.42     	8419.15
8788.74     	8434.58
8810.06     	8449.98
8831.38     	8465.36
8852.7      	8480.72
8874.02     	8496.05
8895.34     	8511.36
8916.65     	8526.64
8937.97     	8541.9
8959.29     	8557.13
8980.61     	8572.34
9001.93     	8587.52
9023.25     	8602.68
9044.57     	8617.81
9065.89     	8632.93
9087.21     	8648.01
9108.53     	8663.07
9129.85     	8678.11
9151.17     	8693.12
9172.49     	8708.11
9193.81     	8723.07
9215.13     	8738.01
9236.45     	8752.92
9257.77     	8767.81
9279.08     	8782.68
9300.4      	8797.52
9321.72     	8812.33
9343.04     	8827.13
9364.36     	8841.89
9385.68     	8856.63
9407        	8871.35
9428.32     	8886.05
9449.64     	8900.71
9470.96     	8915.36
9492.28     	8929.98
9513.6      	8944.57
9534.92     	8959.14
9556.24     	8973.69
9577.56     	8988.21
9598.87     	9002.71
9620.19     	9017.18
9641.51     	9031.63
9662.83     	9046.05
9684.15     	9060.45
9705.47     	9074.82
9726.79     	9089.17
9748.11     	9103.5
9769.43     	9117.8
9790.75     	9132.08
9812.07     	9146.33
9833.39     	9160.56
9854.71     	9174.76
9876.03     	9188.94
9897.34     	9203.09
9918.66     	9217.22
9939.98     	9231.32
9961.3      	9245.4
9982.62     	9259.46
10003.9     	9273.49
10025.3     	9287.5
10046.6     	9301.48
10067.9     	9315.44
10089.2     	9329.37
10110.5     	9343.28
10131.9     	9357.16
10153.2     	9371.02
10174.5     	9384.86
10195.8     	9398.67
10217.1     	9412.45
10238.5     	9426.21
10259.8     	9439.95
10281.1     	9453.66
10302.4     	9467.35
10323.7     	9481.01
10345       	9494.65
10366.4     	9508.26
10387.7     	9521.85
10409       	9535.42
10430.3     	9548.96
10451.6     	9562.48
10473       	9575.97
10494.3     	9589.43
10515.6     	9602.88
10536.9     	9616.29
10558.2     	9629.69
10579.6     	9643.06
10600.9     	9656.4
10622.2     	9669.72
10643.5     	9683.02
10664.8     	9696.29
10686.2     	9709.53
10707.5     	9722.75
10728.8     	9735.95
10750.1     	9749.12
10771.4     	9762.27
10792.8     	9775.4
10814.1     	9788.49
10835.4     	9801.57
10856.7     	9814.62
10878       	9827.64
10899.3     	9840.64
10920.7     	9853.62
10942       	9866.57
10963.3     	9879.5
10984.6     	9892.4
11005.9     	9905.28
11027.3     	9918.14
11048.6     	9930.96
11069.9     	9943.77
11091.2     	9956.55
11112.5     	9969.3
11133.9     	9982.04
11155.2     	9994.74
11176.5     	10007.4
11197.8     	10020.1
11219.1     	10032.7
11240.5     	10045.3
11261.8     	10057.9
11283.1     	10070.5
11304.4     	10083
11325.7     	10095.5
11347.1     	10108
11368.4     	10120.5
11389.7     	10132.9
11411       	10145.3
11432.3     	10157.7
11453.6     	10170.1
11475       	10182.4
11496.3     	10194.7
11517.6     	10207
11538.9     	10219.3
11560.2     	10231.5
11581.6     	10243.7
11602.9     	10255.9
11624.2     	10268.1
11645.5     	10280.2
11666.8     	10292.3
11688.2     	10304.4
11709.5     	10316.5
11730.8     	10328.5
11752.1     	10340.6
11773.4     	10352.6
11794.8     	10364.5
11816.1     	10376.5
11837.4     	10388.4
11858.7     	10400.3
11880       	10412.2
11901.3     	10424
11922.7     	10435.8
11944       	10447.6
11965.3     	10459.4
11986.6     	10471.2
12007.9     	10482.9
12029.3     	10494.6
12050.6     	10506.3
12071.9     	10517.9
12093.2     	10529.6
12114.5     	10541.2
12135.9     	10552.7
12157.2     	10564.3
12178.5     	10575.8
12199.8     	10587.3
12221.1     	10598.8
12242.5     	10610.3
12263.8     	10621.7
12285.1     	10633.1
12306.4     	10644.5
12327.7     	10655.8
12349.1     	10667.2
12370.4     	10678.5
12391.7     	10689.8
12413       	10701
12434.3     	10712.3
12455.6     	10723.5
12477       	10734.7
12498.3     	10745.8
12519.6     	10757
12540.9     	10768.1
12562.2     	10779.2
12583.6     	10790.2
12604.9     	10801.3
12626.2     	10812.3
12647.5     	10823.3
12668.8     	10834.2
12690.2     	10845.2
12711.5     	10856.1
12732.8     	10867
12754.1     	10877.8
12775.4     	10888.7
12796.8     	10899.5
12818.1     	10910.3
12839.4     	10921.1
12860.7     	10931.8
12882       	10942.5
12903.3     	10953.2
12924.7     	10963.9
12946       	10974.5
12967.3     	10985.2
12988.6     	10995.8
13009.9     	11006.3
13031.3     	11016.9
13052.6     	11027.4
13073.9     	11037.9
13095.2     	11048.4
13116.5     	11058.8
13137.9     	11069.3
13159.2     	11079.7
13180.5     	11090
13201.8     	11100.4
13223.1     	11110.7
13244.5     	11121
13265.8     	11131.3
13287.1     	11141.5
13308.4     	11151.8
13329.7     	11162
13351.1     	11172.2
13372.4     	11182.3
13393.7     	11192.4
13415       	11202.6
13436.3     	11212.6
13457.6     	11222.7
13479       	11232.7
13500.3     	11242.7
13521.6     	11252.7
13542.9     	11262.7
13564.2     	11272.6
13585.6     	11282.5
13606.9     	11292.4
13628.2     	11302.3
13649.5     	11312.1
13670.8     	11321.9
13692.2     	11331.7
13713.5     	11341.5
13734.8     	11351.2
13756.1     	11360.9
13777.4     	11370.6
13798.8     	11380.3
13820.1     	11389.9
13841.4     	11399.5
13862.7     	11409.1
13884       	11418.7
13905.3     	11428.2
13926.7     	11437.8
13948       	11447.3
13969.3     	11456.7
13990.6     	11466.2
14011.9     	11475.6
14033.3     	11485
14054.6     	11494.4
14075.9     	11503.7
14097.2     	11513
14118.5     	11522.3
14139.9     	11531.6
14161.2     	11540.8
14182.5     	11550.1
14203.8     	11559.3
14225.1     	11568.4
14246.5     	11577.6
14267.8     	11586.7
14289.1     	11595.8
14310.4     	11604.9
14331.7     	11614
14353       	11623
14374.4     	11632
14395.7     	11641
14417       	11649.9
14438.3     	11658.8
14459.6     	11667.8
14481       	11676.6
14502.3     	11685.5
14523.6     	11694.3
14544.9     	11703.1
14566.2     	11711.9
14587.6     	11720.7
14608.9     	11729.4
14630.2     	11738.1
14651.5     	11746.8
14672.8     	11755.5
14694.2     	11764.1
14715.5     	11772.7
14736.8     	11781.3
14758.1     	11789.8
14779.4     	11798.4
14800.8     	11806.9
14822.1     	11815.4
14843.4     	11823.9
14864.7     	11832.3
14886       	11840.7
14907.3     	11849.1
14928.7     	11857.5
14950       	11865.8
14971.3     	11874.1
14992.6     	11882.4
15013.9     	11890.7
15035.3     	11898.9
15056.6     	11907.1
15077.9     	11915.3
15099.2     	11923.5
15120.5     	11931.6
15141.9     	11939.8
15163.2     	11947.9
15184.5     	11955.9
15205.8     	11964
15227.1     	11972
15248.5     	11980
15269.8     	11988
15291.1     	11995.9
15312.4     	12003.8
15333.7     	12011.7
15355       	12019.6
15376.4     	12027.5
15397.7     	12035.3
15419       	12043.1
15440.3     	12050.9
15461.6     	12058.6
15483       	12066.4
15504.3     	12074.1
15525.6     	12081.7
15546.9     	12089.4
15568.2     	12097
15589.6     	12104.6
15610.9     	12112.2
15632.2     	12119.8
15653.5     	12127.3
15674.8     	12134.8
15696.2     	12142.3
15717.5     	12149.7
15738.8     	12157.2
15760.1     	12164.6
15781.4     	12172
15802.7     	12179.3
15824.1     	12186.7
15845.4     	12194
15866.7     	12201.3
15888       	12208.5
15909.3     	12215.8
15930.7     	12223
15952       	12230.2
15973.3     	12237.3
15994.6     	12244.5
16015.9     	12251.6
16037.3     	12258.7
16058.6     	12265.7
16079.9     	12272.8
16101.2     	12279.8
16122.5     	12286.8
16143.9     	12293.8
16165.2     	12300.7
16186.5     	12307.6
16207.8     	12314.5
16229.1     	12321.4
16250.5     	12328.2
16271.8     	12335.1
16293.1     	12341.8
16314.4     	12348.6
16335.7     	12355.4
16357       	12362.1
16378.4     	12368.8
16399.7     	12375.5
16421       	12382.1
16442.3     	12388.7
16463.6     	12395.3
16485       	12401.9
16506.3     	12408.5
16527.6     	12415
16548.9     	12421.5
16570.2     	12428
16591.6     	12434.4
16612.9     	12440.8
16634.2     	12447.2
16655.5     	12453.6
16676.8     	12460
16698.2     	12466.3
16719.5     	12472.6
16740.8     	12478.9
16762.1     	12485.2
16783.4     	12491.4
16804.7     	12497.6
16826.1     	12503.8
16847.4     	12509.9
16868.7     	12516.1
16890       	12522.2
16911.3     	12528.3
16932.7     	12534.3
16954       	12540.4
16975.3     	12546.4
16996.6     	12552.4
17017.9     	12558.3
17039.3     	12564.3
17060.6     	12570.2
17081.9     	12576.1
17103.2     	12581.9
17124.5     	12587.8
17145.9     	12593.6
17167.2     	12599.4
17188.5     	12605.1
17209.8     	12610.9
17231.1     	12616.6
17252.4     	12622.3
17273.8     	12628
17295.1     	12633.6
17316.4     	12639.2
17337.7     	12644.8
17359       	12650.4
17380.4     	12655.9
17401.7     	12661.4
17423       	12666.9
17444.3     	12672.4
17465.6     	12677.9
17487       	12683.3
17508.3     	12688.7
17529.6     	12694.1
17550.9     	12699.4
17572.2     	12704.7
17593.6     	12710
17614.9     	12715.3
17636.2     	12720.6
17657.5     	12725.8
17678.8     	12731
17700.1     	12736.2
17721.5     	12741.3
17742.8     	12746.4
17764.1     	12751.5
17785.4     	12756.6
17806.7     	12761.7
17828.1     	12766.7
17849.4     	12771.7
17870.7     	12776.7
17892       	12781.7
17913.3     	12786.6
17934.7     	12791.5
17956       	12796.4
17977.3     	12801.2
17998.6     	12806.1
18019.9     	12810.9
18041.3     	12815.7
18062.6     	12820.4
18083.9     	12825.2
18105.2     	12829.9
18126.5     	12834.6
18147.9     	12839.2
18169.2     	12843.9
18190.5     	12848.5
18211.8     	12853.1
18233.1     	12857.6
18254.4     	12862.2
18275.8     	12866.7
18297.1     	12871.2
18318.4     	12875.6
18339.7     	12880.1
18361       	12884.5
18382.4     	12888.9
18403.7     	12893.3
18425       	12897.6
18446.3     	12901.9
18467.6     	12906.2
18489       	12910.5
18510.3     	12914.7
18531.6     	12918.9
18552.9     	12923.1
18574.2     	12927.3
18595.6     	12931.5
18616.9     	12935.6
18638.2     	12939.7
18659.5     	12943.8
18680.8     	12947.8
18702.1     	12951.8
18723.5     	12955.8
18744.8     	12959.8
18766.1     	12963.8
18787.4     	12967.7
18808.7     	12971.6
18830.1     	12975.5
18851.4     	12979.3
18872.7     	12983.1
18894       	12987
18915.3     	12990.7
18936.7     	12994.5
18958       	12998.2
18979.3     	13001.9
19000.6     	13005.6
19021.9     	13009.3
19043.3     	13012.9
19064.6     	13016.5
19085.9     	13020.1
19107.2     	13023.6
19128.5     	13027.2
19149.8     	13030.7
19171.2     	13034.2
19192.5     	13037.6
19213.8     	13041.1
19235.1     	13044.5
19256.4     	13047.9
19277.8     	13051.2
19299.1     	13054.6
19320.4     	13057.9
19341.7     	13061.2
19363       	13064.4
19384.4     	13067.7
19405.7     	13070.9
19427       	13074.1
19448.3     	13077.2
19469.6     	13080.4
19491       	13083.5
19512.3     	13086.6
19533.6     	13089.7
19554.9     	13092.7
19576.2     	13095.7
19597.5     	13098.7
19618.9     	13101.7
19640.2     	13104.6
19661.5     	13107.6
19682.8     	13110.5
19704.1     	13113.3
19725.5     	13116.2
19746.8     	13119
19768.1     	13121.8
19789.4     	13124.6
19810.7     	13127.3
19832.1     	13130
19853.4     	13132.7
19874.7     	13135.4
19896       	13138.1
19917.3     	13140.7
19938.7     	13143.3
19960       	13145.9
19981.3     	13148.4
20002.6     	13151
20023.9     	13153.5
20045.3     	13155.9
20066.6     	13158.4
20087.9     	13160.8
20109.2     	13163.2
20130.5     	13165.6
20151.8     	13168
20173.2     	13170.3
20194.5     	13172.6
20215.8     	13174.9
20237.1     	13177.2
20258.4     	13179.4
20279.8     	13181.6
20301.1     	13183.8
20322.4     	13185.9
20343.7     	13188.1
20365       	13190.2
20386.4     	13192.3
20407.7     	13194.3
20429       	13196.4
20450.3     	13198.4
20471.6     	13200.4
20493       	13202.4
20514.3     	13204.3
20535.6     	13206.2
20556.9     	13208.1
20578.2     	13210
20599.5     	13211.8
20620.9     	13213.6
20642.2     	13215.4
20663.5     	13217.2
20684.8     	13218.9
20706.1     	13220.6
20727.5     	13222.3
20748.8     	13224
20770.1     	13225.7
20791.4     	13227.3
20812.7     	13228.9
20834.1     	13230.4
20855.4     	13232
20876.7     	13233.5
20898       	13235
20919.3     	13236.5
20940.7     	13237.9
20962       	13239.4
20983.3     	13240.8
21004.6     	13242.1
21025.9     	13243.5
21047.2     	13244.8
21068.6     	13246.1
21089.9     	13247.4
21111.2     	13248.7
21132.5     	13249.9
21153.8     	13251.1
21175.2     	13252.3
21196.5     	13253.4
21217.8     	13254.6
21239.1     	13255.7
21260.4     	13256.7
21281.8     	13257.8
21303.1     	13258.8
21324.4     	13259.8
21345.7     	13260.8
21367       	13261.8
21388.4     	13262.7
21409.7     	13263.6
21431       	13264.5
21452.3     	13265.4
21473.6     	13266.2
21494.9     	13267
21516.3     	13267.8
21537.6     	13268.6
21558.9     	13269.3
21580.2     	13270
21601.5     	13270.7
21622.9     	13271.4
21644.2     	13272
21665.5     	13272.6
21686.8     	13273.2
21708.1     	13273.8
21729.5     	13274.3
21750.8     	13274.9
21772.1     	13275.3
21793.4     	13275.8
21814.7     	13276.3
21836.1     	13276.7
21857.4     	13277.1
21878.7     	13277.4
21900       	13277.8
21921.3     	13278.1
21942.7     	13278.4
21964       	13278.7
21985.3     	13278.9
22006.6     	13279.2
22027.9     	13279.4
22049.2     	13279.5
22070.6     	13279.7
22091.9     	13279.8
22113.2     	13279.9
22134.5     	13280
22155.8     	13280
22177.2     	13280.1
22198.5     	13280.1
22219.8     	13280
22241.1     	13280
22262.4     	13279.9
22283.8     	13279.8
22305.1     	13279.7
22326.4     	13279.6
22347.7     	13279.4
22369       	13279.2
22390.4     	13279
22411.7     	13278.7
22433       	13278.5
22454.3     	13278.2
22475.6     	13277.9
22496.9     	13277.5
22518.3     	13277.2
22539.6     	13276.8
22560.9     	13276.3
22582.2     	13275.9
22603.5     	13275.4
22624.9     	13275
22646.2     	13274.4
22667.5     	13273.9
22688.8     	13273.3
22710.1     	13272.8
22731.5     	13272.2
22752.8     	13271.5
22774.1     	13270.9
22795.4     	13270.2
22816.7     	13269.5
22838.1     	13268.7
22859.4     	13268
22880.7     	13267.2
22902       	13266.4
22923.3     	13265.6
22944.6     	13264.7
22966       	13263.8
22987.3     	13262.9
23008.6     	13262
23029.9     	13261
23051.2     	13260.1
23072.6     	13259
23093.9     	13258
23115.2     	13257
23136.5     	13255.9
23157.8     	13254.8
23179.2     	13253.7
23200.5     	13252.5
23221.8     	13251.3
23243.1     	13250.1
23264.4     	13248.9
23285.8     	13247.7
23307.1     	13246.4
23328.4     	13245.1
23349.7     	13243.8
23371       	13242.4
23392.3     	13241.1
23413.7     	13239.7
23435       	13238.2
23456.3     	13236.8
23477.6     	13235.3
23498.9     	13233.8
23520.3     	13232.3
23541.6     	13230.8
23562.9     	13229.2
23584.2     	13227.6
23605.5     	13226
23626.9     	13224.4
23648.2     	13222.7
23669.5     	13221
23690.8     	13219.3
23712.1     	13217.6
23733.5     	13215.8
23754.8     	13214
23776.1     	13212.2
23797.4     	13210.4
23818.7     	13208.5
23840       	13206.6
23861.4     	13204.7
23882.7     	13202.8
23904       	13200.8
23925.3     	13198.8
23946.6     	13196.8
23968       	13194.8
23989.3     	13192.7
24010.6     	13190.6
24031.9     	13188.5
24053.2     	13186.4
24074.6     	13184.2
24095.9     	13182.1
24117.2     	13179.9
24138.5     	13177.6
24159.8     	13175.4
24181.2     	13173.1
24202.5     	13170.8
24223.8     	13168.5
24245.1     	13166.1
24266.4     	13163.7
24287.8     	13161.3
24309.1     	13158.9
24330.4     	13156.5
24351.7     	13154
24373       	13151.5
24394.3     	13149
24415.7     	13146.4
24437       	13143.8
24458.3     	13141.3
24479.6     	13138.6
24500.9     	13136
24522.3     	13133.3
24543.6     	13130.6
24564.9     	13127.9
24586.2     	13125.2
24607.5     	13122.4
24628.9     	13119.6
24650.2     	13116.8
24671.5     	13113.9
24692.8     	13111.1
24714.1     	13108.2
24735.5     	13105.3
24756.8     	13102.3
24778.1     	13099.4
24799.4     	13096.4
24820.7     	13093.3
24842       	13090.3
24863.4     	13087.2
24884.7     	13084.2
24906       	13081
24927.3     	13077.9
24948.6     	13074.7
24970       	13071.6
24991.3     	13068.4
25012.6     	13065.1
25033.9     	13061.9
25055.2     	13058.6
25076.6     	13055.3
25097.9     	13051.9
25119.2     	13048.6
25140.5     	13045.2
25161.8     	13041.8
25183.2     	13038.4
25204.5     	13034.9
25225.8     	13031.4
25247.1     	13027.9
25268.4     	13024.4
25289.7     	13020.8
25311.1     	13017.3
25332.4     	13013.7
25353.7     	13010
25375       	13006.4
25396.3     	13002.7
25417.7     	12999
25439       	12995.3
25460.3     	12991.5
25481.6     	12987.8
25502.9     	12984
25524.3     	12980.1
25545.6     	12976.3
25566.9     	12972.4
25588.2     	12968.5
25609.5     	12964.6
25630.9     	12960.6
25652.2     	12956.7
25673.5     	12952.7
25694.8     	12948.7
25716.1     	12944.6
25737.4     	12940.5
25758.8     	12936.5
25780.1     	12932.3
25801.4     	12928.2
25822.7     	12924
25844       	12919.8
25865.4     	12915.6
25886.7     	12911.4
25908       	12907.1
25929.3     	12902.8
25950.6     	12898.5
25972       	12894.2
25993.3     	12889.8
26014.6     	12885.4
26035.9     	12881
26057.2     	12876.6
26078.6     	12872.1
26099.9     	12867.6
26121.2     	12863.1
26142.5     	12858.6
26163.8     	12854
26185.1     	12849.4
26206.5     	12844.8
26227.8     	12840.2
26249.1     	12835.5
26270.4     	12830.9
26291.7     	12826.2
26313.1     	12821.4
26334.4     	12816.7
26355.7     	12811.9
26377       	12807.1
26398.3     	12802.3
26419.7     	12797.4
26441       	12792.5
26462.3     	12787.6
26483.6     	12782.7
26504.9     	12777.7
26526.3     	12772.8
26547.6     	12767.8
26568.9     	12762.7
26590.2     	12757.7
26611.5     	12752.6
26632.9     	12747.5
26654.2     	12742.4
26675.5     	12737.2
26696.8     	12732.1
26718.1     	12726.9
26739.4     	12721.7
26760.8     	12716.4
26782.1     	12711.1
26803.4     	12705.8
26824.7     	12700.5
26846       	12695.2
26867.4     	12689.8
26888.7     	12684.4
26910       	12679
26931.3     	12673.6
26952.6     	12668.1
26974       	12662.6
26995.3     	12657.1
27016.6     	12651.6
27037.9     	12646
27059.2     	12640.4
27080.6     	12634.8
27101.9     	12629.1
27123.2     	12623.5
27144.5     	12617.8
27165.8     	12612.1
27187.1     	12606.3
27208.5     	12600.6
27229.8     	12594.8
27251.1     	12589
27272.4     	12583.2
27293.7     	12577.3
27315.1     	12571.4
27336.4     	12565.5
27357.7     	12559.6
27379       	12553.6
27400.3     	12547.6
27421.7     	12541.6
27443       	12535.6
27464.3     	12529.5
27485.6     	12523.5
27506.9     	12517.4
27528.3     	12511.2
27549.6     	12505.1
27570.9     	12498.9
27592.2     	12492.7
27613.5     	12486.5
27634.8     	12480.2
27656.2     	12473.9
27677.5     	12467.6
27698.8     	12461.3
27720.1     	12455
27741.4     	12448.6
27762.8     	12442.2
27784.1     	12435.8
27805.4     	12429.3
27826.7     	12422.9
27848       	12416.4
27869.4     	12409.8
27890.7     	12403.3
27912       	12396.7
27933.3     	12390.1
27954.6     	12383.5
27976       	12376.9
27997.3     	12370.2
28018.6     	12363.5
28039.9     	12356.8
28061.2     	12350
28082.5     	12343.3
28103.9     	12336.5
28125.2     	12329.7
28146.5     	12322.8
28167.8     	12316
28189.1     	12309.1
28210.5     	12302.2
28231.8     	12295.2
28253.1     	12288.3
28274.4     	12281.3
28295.7     	12274.3
28317.1     	12267.2
28338.4     	12260.2
28359.7     	12253.1
28381       	12246
28402.3     	12238.8
28423.7     	12231.7
28445       	12224.5
28466.3     	12217.3
28487.6     	12210.1
28508.9     	12202.8
28530.2     	12195.5
28551.6     	12188.2
28572.9     	12180.9
28594.2     	12173.5
28615.5     	12166.2
28636.8     	12158.7
28658.2     	12151.3
28679.5     	12143.9
28700.8     	12136.4
28722.1     	12128.9
28743.4     	12121.4
28764.8     	12113.8
28786.1     	12106.2
28807.4     	12098.6
28828.7     	12091
28850       	12083.4
28871.4     	12075.7
28892.7     	12068
28914       	12060.3
28935.3     	12052.5
28956.6     	12044.7
28977.9     	12036.9
28999.3     	12029.1
29020.6     	12021.3
29041.9     	12013.4
29063.2     	12005.5
29084.5     	11997.6
29105.9     	11989.7
29127.2     	11981.7
29148.5     	11973.7
29169.8     	11965.7
29191.1     	11957.6
29212.5     	11949.6
29233.8     	11941.5
29255.1     	11933.4
29276.4     	11925.2
29297.7     	11917.1
29319.1     	11908.9
29340.4     	11900.7
29361.7     	11892.4
29383       	11884.2
29404.3     	11875.9
29425.6     	11867.6
29447       	11859.2
29468.3     	11850.9
29489.6     	11842.5
29510.9     	11834.1
29532.2     	11825.6
29553.6     	11817.2
29574.9     	11808.7
29596.2     	11800.2
29617.5     	11791.7
29638.8     	11783.1
29660.2     	11774.5
29681.5     	11765.9
29702.8     	11757.3
29724.1     	11748.6
29745.4     	11739.9
29766.8     	11731.2
29788.1     	11722.5
29809.4     	11713.8
29830.7     	11705
29852       	11696.2
29873.4     	11687.4
29894.7     	11678.5
29916       	11669.6
29937.3     	11660.7
29958.6     	11651.8
29979.9     	11642.9
30001.3     	11633.9
30022.6     	11624.9
30043.9     	11615.9
30065.2     	11606.8
30086.5     	11597.7
30107.9     	11588.6
30129.2     	11579.5
30150.5     	11570.4
30171.8     	11561.2
30193.1     	11552
30214.5     	11542.8
30235.8     	11533.6
30257.1     	11524.3
30278.4     	11515
30299.7     	11505.7
30321.1     	11496.3
30342.4     	11487
30363.7     	11477.6
30385       	11468.2
30406.3     	11458.7
30427.6     	11449.3
30449       	11439.8
30470.3     	11430.3
30491.6     	11420.7
30512.9     	11411.2
30534.2     	11401.6
30555.6     	11392
30576.9     	11382.3
30598.2     	11372.7
30619.5     	11363
30640.8     	11353.3
30662.2     	11343.5
30683.5     	11333.8
30704.8     	11324
30726.1     	11314.2
30747.4     	11304.4
30768.8     	11294.5
30790.1     	11284.6
30811.4     	11274.7
30832.7     	11264.8
30854       	11254.8
30875.3     	11244.9
30896.7     	11234.8
30918       	11224.8
30939.3     	11214.8
30960.6     	11204.7
30981.9     	11194.6
31003.3     	11184.5
31024.6     	11174.3
31045.9     	11164.1
31067.2     	11153.9
31088.5     	11143.7
31109.9     	11133.5
31131.2     	11123.2
31152.5     	11112.9
31173.8     	11102.6
31195.1     	11092.2
31216.5     	11081.8
31237.8     	11071.5
31259.1     	11061
31280.4     	11050.6
31301.7     	11040.1
31323       	11029.6
31344.4     	11019.1
31365.7     	11008.6
31387       	10998
31408.3     	10987.4
31429.6     	10976.8
31451       	10966.1
31472.3     	10955.5
31493.6     	10944.8
31514.9     	10934.1
31536.2     	10923.3
31557.6     	10912.6
31578.9     	10901.8
31600.2     	10891
31621.5     	10880.1
31642.8     	10869.3
31664.2     	10858.4
31685.5     	10847.5
31706.8     	10836.5
31728.1     	10825.6
31749.4     	10814.6
31770.7     	10803.6
31792.1     	10792.5
31813.4     	10781.5
31834.7     	10770.4
31856       	10759.3
31877.3     	10748.2
31898.7     	10737
31920       	10725.8
31941.3     	10714.6
31962.6     	10703.4
31983.9     	10692.1
32005.3     	10680.9
32026.6     	10669.6
32047.9     	10658.2
32069.2     	10646.9
32090.5     	10635.5
32111.9     	10624.1
32133.2     	10612.7
32154.5     	10601.2
32175.8     	10589.8
32197.1     	10578.3
32218.4     	10566.7
32239.8     	10555.2
32261.1     	10543.6
32282.4     	10532
32303.7     	10520.4
32325       	10508.7
32346.4     	10497.1
32367.7     	10485.4
32389       	10473.7
32410.3     	10461.9
32431.6     	10450.1
32453       	10438.3
32474.3     	10426.5
32495.6     	10414.7
32516.9     	10402.8
32538.2     	10390.9
32559.6     	10379
32580.9     	10367.1
32602.2     	10355.1
32623.5     	10343.1
32644.8     	10331.1
32666.1     	10319.1
32687.5     	10307
32708.8     	10294.9
32730.1     	10282.8
32751.4     	10270.7
32772.7     	10258.5
32794.1     	10246.3
32815.4     	10234.1
32836.7     	10221.9
32858       	10209.6
32879.3     	10197.3
32900.7     	10185
32922       	10172.7
32943.3     	10160.3
32964.6     	10147.9
32985.9     	10135.5
33007.3     	10123.1
33028.6     	10110.6
33049.9     	10098.2
33071.2     	10085.7
33092.5     	10073.1
33113.8     	10060.6
33135.2     	10048
33156.5     	10035.4
33177.8     	10022.8
33199.1     	10010.1
33220.4     	9997.43
33241.8     	9984.73
33263.1     	9972
33284.4     	9959.25
33305.7     	9946.48
33327       	9933.68
33348.4     	9920.85
33369.7     	9908
33391       	9895.13
33412.3     	9882.23
33433.6     	9869.31
33454.9     	9856.36
33476.3     	9843.39
33497.6     	9830.4
33518.9     	9817.38
33540.2     	9804.33
33561.5     	9791.26
33582.9     	9778.17
33604.2     	9765.05
33625.5     	9751.91
33646.8     	9738.74
33668.1     	9725.55
33689.5     	9712.33
33710.8     	9699.09
33732.1     	9685.83
33753.4     	9672.54
33774.7     	9659.22
33796.1     	9645.88
33817.4     	9632.52
33838.7     	9619.13
33860       	9605.72
33881.3     	9592.28
33902.6     	9578.82
33924       	9565.34
33945.3     	9551.83
33966.6     	9538.29
33987.9     	9524.73
34009.2     	9511.15
34030.6     	9497.54
34051.9     	9483.9
34073.2     	9470.25
34094.5     	9456.56
34115.8     	9442.86
34137.2     	9429.13
34158.5     	9415.37
34179.8     	9401.59
34201.1     	9387.78
34222.4     	9373.96
34243.8     	9360.1
34265.1     	9346.22
34286.4     	9332.32
34307.7     	9318.39
34329       	9304.44
34350.3     	9290.46
34371.7     	9276.46
34393       	9262.44
34414.3     	9248.39
34435.6     	9234.31
34456.9     	9220.21
34478.3     	9206.09
34499.6     	9191.94
34520.9     	9177.77
34542.2     	9163.57
34563.5     	9149.35
34584.9     	9135.1
34606.2     	9120.83
34627.5     	9106.54
34648.8     	9092.22
34670.1     	9077.87
34691.4     	9063.5
34712.8     	9049.11
34734.1     	9034.69
34755.4     	9020.25
34776.7     	9005.78
34798       	8991.29
34819.4     	8976.77
34840.7     	8962.23
34862       	8947.67
34883.3     	8933.08
34904.6     	8918.47
34926       	8903.83
34947.3     	8889.16
34968.6     	8874.48
34989.9     	8859.76
35011.2     	8845.03
35032.6     	8830.26
35053.9     	8815.48
35075.2     	8800.67
35096.5     	8785.83
35117.8     	8770.97
35139.1     	8756.09
35160.5     	8741.18
35181.8     	8726.25
35203.1     	8711.29
35224.4     	8696.31
35245.7     	8681.3
35267.1     	8666.27
35288.4     	8651.22
35309.7     	8636.14
35331       	8621.03
35352.3     	8605.9
35373.7     	8590.75
35395       	8575.57
35416.3     	8560.37
35437.6     	8545.14
35458.9     	8529.89
35480.2     	8514.61
35501.6     	8499.31
35522.9     	8483.99
35544.2     	8468.64
35565.5     	8453.26
35586.8     	8437.86
35608.2     	8422.44
35629.5     	8406.99
35650.8     	8391.52
35672.1     	8376.02
35693.4     	8360.5
35714.8     	8344.95
35736.1     	8329.38
35757.4     	8313.79
35778.7     	8298.17
35800       	8282.53
35821.3     	8266.86
35842.7     	8251.16
35864       	8235.45
35885.3     	8219.7
35906.6     	8203.94
35927.9     	8188.15
35949.3     	8172.33
35970.6     	8156.49
35991.9     	8140.63
36013.2     	8124.74
36034.5     	8108.82
36055.9     	8092.88
36077.2     	8076.92
36098.5     	8060.93
36119.8     	8044.92
36141.1     	8028.89
36162.4     	8012.82
36183.8     	7996.74
36205.1     	7980.63
36226.4     	7964.49
36247.7     	7948.34
36269       	7932.15
36290.4     	7915.94
36311.7     	7899.71
36333       	7883.45
36354.3     	7867.17
36375.6     	7850.87
36396.9     	7834.54
36418.3     	7818.18
36439.6     	7801.8
36460.9     	7785.4
36482.2     	7768.97
36503.5     	7752.51
36524.9     	7736.04
36546.2     	7719.53
36567.5     	7703.01
36588.8     	7686.46
36610.1     	7669.88
36631.5     	7653.28
36652.8     	7636.66
36674.1     	7620.01
36695.4     	7603.33
36716.7     	7586.63
36738       	7569.91
36759.4     	7553.16
36780.7     	7536.39
36802       	7519.59
36823.3     	7502.77
36844.6     	7485.93
36866       	7469.06
36887.3     	7452.16
36908.6     	7435.24
36929.9     	7418.3
36951.2     	7401.33
36972.5     	7384.34
36993.9     	7367.32
37015.2     	7350.28
37036.5     	7333.22
37057.8     	7316.12
37079.1     	7299.01
37100.5     	7281.87
37121.8     	7264.71
37143.1     	7247.52
37164.4     	7230.3
37185.7     	7213.07
37207       	7195.8
37228.4     	7178.52
37249.7     	7161.21
37271       	7143.87
37292.3     	7126.51
37313.6     	7109.12
37335       	7091.72
37356.3     	7074.28
37377.6     	7056.82
37398.9     	7039.34
37420.2     	7021.83
37441.5     	7004.3
37462.9     	6986.74
37484.2     	6969.16
37505.5     	6951.56
37526.8     	6933.93
37548.1     	6916.27
37569.4     	6898.6
37590.8     	6880.89
37612.1     	6863.16
37633.4     	6845.41
37654.7     	6827.64
37676       	6809.83
37697.4     	6792.01
37718.7     	6774.16
37740       	6756.28
37761.3     	6738.38
37782.6     	6720.46
37803.9     	6702.51
37825.3     	6684.54
37846.6     	6666.54
37867.9     	6648.52
37889.2     	6630.47
37910.5     	6612.4
37931.8     	6594.31
37953.2     	6576.19
37974.5     	6558.04
37995.8     	6539.87
38017.1     	6521.68
38038.4     	6503.46
38059.7     	6485.22
38081.1     	6466.95
38102.4     	6448.66
38123.7     	6430.34
38145       	6412
38166.3     	6393.64
38187.6     	6375.25
38209       	6356.84
38230.3     	6338.4
38251.6     	6319.93
38272.9     	6301.45
38294.2     	6282.94
38315.5     	6264.4
38336.9     	6245.84
38358.2     	6227.25
38379.5     	6208.64
38400.8     	6190.01
38422.1     	6171.35
38443.4     	6152.67
38464.8     	6133.96
38486.1     	6115.23
38507.4     	6096.47
38528.7     	6077.69
38550       	6058.88
38571.3     	6040.05
38592.7     	6021.2
38614       	6002.32
38635.3     	5983.42
38656.6     	5964.49
38677.9     	5945.54
38699.2     	5926.56
38720.6     	5907.56
38741.9     	5888.53
38763.2     	5869.48
38784.5     	5850.41
38805.8     	5831.31
38827.1     	5812.18
38848.4     	5793.04
38869.8     	5773.86
38891.1     	5754.67
38912.4     	5735.45
38933.7     	5716.2
38955       	5696.93
38976.3     	5677.63
38997.6     	5658.31
39019       	5638.97
39040.3     	5619.6
39061.6     	5600.21
39082.9     	5580.79
39104.2     	5561.35
39125.5     	5541.89
39146.8     	5522.4
39168.2     	5502.88
39189.5     	5483.34
39210.8     	5463.78
39232.1     	5444.19
39253.4     	5424.58
39274.7     	5404.94
39296       	5385.28
39317.4     	5365.59
39338.7     	5345.88
39360       	5326.15
39381.3     	5306.39
39402.6     	5286.6
39423.9     	5266.8
39445.2     	5246.96
39466.5     	5227.11
39487.9     	5207.23
39509.2     	5187.32
39530.5     	5167.39
39551.8     	5147.44
39573.1     	5127.46
39594.4     	5107.45
39615.7     	5087.43
39637       	5067.37
39658.3     	5047.3
39679.7     	5027.2
39701       	5007.07
39722.3     	4986.92
39743.6     	4966.75
39764.9     	4946.55
39786.2     	4926.33
39807.5     	4906.08
39828.8     	4885.81
39850.1     	4865.52
39871.4     	4845.2
39892.8     	4824.85
39914.1     	4804.48
39935.4     	4784.09
39956.7     	4763.67
39978       	4743.23
39999.3     	4722.76
40020.6     	4702.27
40041.9     	4681.76
40063.2     	4661.22
40084.5     	4640.66
40105.8     	4620.07
40127.1     	4599.46
40148.4     	4578.82
40169.8     	4558.16
40191.1     	4537.48
40212.4     	4516.77
40233.7     	4496.04
40255       	4475.28
40276.3     	4454.5
40297.6     	4433.69
40318.9     	4412.86
40340.2     	4392.01
40361.5     	4371.13
40382.8     	4350.23
40404.1     	4329.3
40425.4     	4308.35
40446.7     	4287.37
40468       	4266.37
40489.3     	4245.35
40510.6     	4224.3
40531.9     	4203.23
40553.2     	4182.13
40574.5     	4161.01
40595.8     	4139.87
40617.1     	4118.7
40638.4     	4097.51
40659.7     	4076.29
40681       	4055.05
40702.3     	4033.78
40723.6     	4012.5
40744.9     	3991.18
40766.2     	3969.85
40787.5     	3948.48
40808.8     	3927.1
40830.1     	3905.69
40851.4     	3884.26
40872.7     	3862.8
40894       	3841.32
40915.3     	3819.81
40936.6     	3798.28
40957.8     	3776.73
40979.1     	3755.15
41000.4     	3733.55
41021.7     	3711.93
41043       	3690.28
41064.3     	3668.6
41085.6     	3646.91
41106.9     	3625.19
41128.2     	3603.44
41149.4     	3581.67
41170.7     	3559.88
41192       	3538.07
41213.3     	3516.23
41234.6     	3494.36
41255.9     	3472.48
41277.1     	3450.57
41298.4     	3428.63
41319.7     	3406.67
41341       	3384.69
41362.3     	3362.69
41383.5     	3340.66
41404.8     	3318.6
41426.1     	3296.53
41447.4     	3274.43
41468.6     	3252.31
41489.9     	3230.16
41511.2     	3207.99
41532.4     	3185.79
41553.7     	3163.58
41575       	3141.34
41596.3     	3119.07
41617.5     	3096.79
41638.8     	3074.48
41660       	3052.14
41681.3     	3029.78
41702.6     	3007.4
41723.8     	2985
41745.1     	2962.57
41766.3     	2940.12
41787.6     	2917.65
41808.9     	2895.16
41830.1     	2872.64
41851.4     	2850.1
41872.6     	2827.53
41893.9     	2804.94
41915.1     	2782.33
41936.4     	2759.7
41957.6     	2737.04
41978.8     	2714.36
42000.1     	2691.66
42021.3     	2668.94
42042.6     	2646.19
42063.8     	2623.42
42085       	2600.63
42106.3     	2577.82
42127.5     	2554.98
42148.7     	2532.12
42169.9     	2509.24
42191.2     	2486.33
42212.4     	2463.41
42233.6     	2440.46
42254.8     	2417.49
42276       	2394.5
42297.2     	2371.48
42318.5     	2348.45
42339.7     	2325.39
42360.9     	2302.31
42382.1     	2279.21
42403.3     	2256.08
42424.5     	2232.94
42445.7     	2209.77
42466.8     	2186.59
42488       	2163.38
42509.2     	2140.15
42530.4     	2116.9
42551.6     	2093.62
42572.8     	2070.33
42593.9     	2047.02
42615.1     	2023.68
42636.3     	2000.33
42657.4     	1976.95
42678.6     	1953.55
42699.7     	1930.14
42720.9     	1906.7
42742       	1883.24
42763.2     	1859.76
42784.3     	1836.26
42805.5     	1812.75
42826.6     	1789.21
42847.7     	1765.65
42868.8     	1742.07
42890       	1718.48
42911.1     	1694.86
42932.2     	1671.23
42953.3     	1647.57
42974.4     	1623.9
42995.5     	1600.21
43016.6     	1576.5
43037.6     	1552.77
43058.7     	1529.02
43079.8     	1505.26
43100.8     	1481.48
43121.9     	1457.68
43143       	1433.86
43164       	1410.02
43185       	1386.17
43206.1     	1362.3
43227.1     	1338.41
43248.1     	1314.51
43269.1     	1290.59
43290.1     	1266.65
43311.1     	1242.7
43332.1     	1218.73
43353.1     	1194.74
43374.1     	1170.74
43395.1     	1146.73
43416       	1122.7
43437       	1098.65
43457.9     	1074.59
43478.8     	1050.52
43499.8     	1026.43
43520.7     	1002.33
43541.6     	978.213
43562.5     	954.085
43583.4     	929.943
43604.2     	905.789
43625.1     	881.623
43646       	857.444
43666.8     	833.254
43687.6     	809.052
43708.5     	784.839
43729.3     	760.616
43750.1     	736.382
43770.8     	712.138
43791.6     	687.884
43812.4     	663.621
43833.1     	639.349
43853.8     	615.069
43874.6     	590.78
43895.3     	566.484
43915.9     	542.18
43936.6     	517.869
43957.3     	493.552
43977.9     	469.229
43998.5     	444.9
44019.2     	420.566
44039.7     	396.227
44060.3     	371.885
44080.9     	347.538
44101.4     	323.189
44121.9     	298.837
44142.4     	274.483
44162.9     	250.127
44183.4     	225.77
44203.8     	201.413
44224.3     	177.057
44244.7     	152.701
44265       	128.346
44285.4     	103.993
44305.7     	79.6435
44326       	55.2969
44346.3     	30.9543
44366.6     	6.61632
44386.8     	0
