0           	0
24.7487     	24.7487
49.4628     	49.4383
74.1432     	74.0697
98.7909     	98.6438
123.407     	123.162
147.991     	147.624
172.546     	172.032
197.071     	196.386
221.568     	220.688
246.037     	244.937
270.479     	269.135
294.895     	293.282
319.284     	317.38
343.65      	341.428
367.99      	365.428
392.307     	389.38
416.601     	413.285
440.873     	437.143
465.123     	460.955
489.351     	484.722
513.559     	508.444
537.746     	532.121
561.914     	555.755
586.063     	579.345
610.193     	602.893
634.304     	626.398
658.398     	649.862
682.475     	673.284
706.534     	696.665
730.578     	720.006
754.605     	743.306
778.616     	766.567
802.613     	789.788
826.594     	812.971
850.561     	836.115
874.513     	859.221
898.452     	882.288
922.378     	905.319
946.29      	928.312
970.189     	951.268
994.076     	974.188
1017.95     	997.072
1041.81     	1019.92
1065.66     	1042.73
1089.5      	1065.51
1113.33     	1088.25
1137.15     	1110.96
1160.96     	1133.63
1184.75     	1156.27
1208.54     	1178.87
1232.32     	1201.44
1256.09     	1223.97
1279.84     	1246.48
1303.59     	1268.95
1327.33     	1291.38
1351.06     	1313.79
1374.79     	1336.16
1398.5      	1358.5
1422.21     	1380.8
1445.91     	1403.08
1469.6      	1425.32
1493.28     	1447.53
1516.96     	1469.71
1540.62     	1491.86
1564.29     	1513.98
1587.94     	1536.06
1611.59     	1558.12
1635.23     	1580.14
1658.86     	1602.14
1682.49     	1624.1
1706.12     	1646.04
1729.73     	1667.94
1753.34     	1689.81
1776.95     	1711.66
1800.55     	1733.47
1824.14     	1755.26
1847.73     	1777.01
1871.31     	1798.74
1894.89     	1820.43
1918.46     	1842.1
1942.03     	1863.74
1965.59     	1885.35
1989.15     	1906.93
2012.71     	1928.48
2036.26     	1950
2059.8      	1971.5
2083.34     	1992.96
2106.88     	2014.4
2130.41     	2035.81
2153.94     	2057.19
2177.46     	2078.55
2200.99     	2099.87
2224.5      	2121.17
2248.02     	2142.44
2271.53     	2163.68
2295.03     	2184.9
2318.54     	2206.08
2342.04     	2227.24
2365.53     	2248.37
2389.02     	2269.48
2412.51     	2290.55
2436        	2311.6
2459.49     	2332.63
2482.97     	2353.62
2506.45     	2374.59
2529.92     	2395.53
2553.39     	2416.45
2576.86     	2437.33
2600.33     	2458.19
2623.8      	2479.03
2647.26     	2499.83
2670.72     	2520.61
2694.17     	2541.37
2717.63     	2562.09
2741.08     	2582.79
2764.53     	2603.47
2787.98     	2624.12
2811.43     	2644.74
2834.87     	2665.33
2858.31     	2685.9
2881.75     	2706.44
2905.19     	2726.96
2928.63     	2747.44
2952.06     	2767.91
2975.49     	2788.34
2998.92     	2808.76
3022.35     	2829.14
3045.78     	2849.5
3069.2      	2869.83
3092.63     	2890.14
3116.05     	2910.42
3139.47     	2930.67
3162.89     	2950.9
3186.3      	2971.11
3209.72     	2991.28
3233.13     	3011.43
3256.55     	3031.56
3279.96     	3051.66
3303.37     	3071.73
3326.77     	3091.78
3350.18     	3111.81
3373.59     	3131.8
3396.99     	3151.77
3420.39     	3171.72
3443.8      	3191.64
3467.2      	3211.53
3490.6      	3231.4
3513.99     	3251.25
3537.39     	3271.07
3560.79     	3290.86
3584.18     	3310.63
3607.58     	3330.37
3630.97     	3350.08
3654.36     	3369.78
3677.75     	3389.44
3701.14     	3409.08
3724.53     	3428.7
3747.92     	3448.29
3771.31     	3467.85
3794.69     	3487.39
3818.08     	3506.9
3841.46     	3526.39
3864.85     	3545.86
3888.23     	3565.29
3911.61     	3584.71
3934.99     	3604.1
3958.37     	3623.46
3981.75     	3642.8
4005.13     	3662.11
4028.51     	3681.39
4051.89     	3700.66
4075.26     	3719.89
4098.64     	3739.11
4122.01     	3758.29
4145.39     	3777.45
4168.76     	3796.59
4192.13     	3815.7
4215.51     	3834.79
4238.88     	3853.85
4262.25     	3872.89
4285.62     	3891.9
4308.99     	3910.88
4332.36     	3929.85
4355.73     	3948.78
4379.1      	3967.69
4402.47     	3986.58
4425.83     	4005.44
4449.2      	4024.28
4472.57     	4043.09
4495.93     	4061.88
4519.3      	4080.64
4542.66     	4099.38
4566.03     	4118.09
4589.39     	4136.77
4612.75     	4155.44
4636.12     	4174.07
4659.48     	4192.69
4682.84     	4211.27
4706.2      	4229.84
4729.57     	4248.38
4752.93     	4266.89
4776.29     	4285.38
4799.65     	4303.84
4823.01     	4322.28
4846.37     	4340.69
4869.73     	4359.08
4893.08     	4377.45
4916.44     	4395.78
4939.8      	4414.1
4963.16     	4432.39
4986.52     	4450.65
5009.87     	4468.89
5033.23     	4487.11
5056.58     	4505.3
5079.94     	4523.47
5103.3      	4541.61
5126.65     	4559.72
5150.01     	4577.81
5173.36     	4595.88
5196.72     	4613.92
5220.07     	4631.94
5243.42     	4649.93
5266.78     	4667.9
5290.13     	4685.84
5313.48     	4703.76
5336.84     	4721.66
5360.19     	4739.52
5383.54     	4757.37
5406.9      	4775.19
5430.25     	4792.98
5453.6      	4810.75
5476.95     	4828.5
5500.3      	4846.22
5523.65     	4863.92
5547        	4881.59
5570.35     	4899.23
5593.7      	4916.86
5617.05     	4934.45
5640.4      	4952.03
5663.75     	4969.57
5687.1      	4987.1
5710.45     	5004.6
5733.8      	5022.07
5757.15     	5039.52
5780.5      	5056.94
5803.85     	5074.34
5827.2      	5091.72
5850.55     	5109.07
5873.89     	5126.4
5897.24     	5143.7
5920.59     	5160.97
5943.94     	5178.23
5967.29     	5195.45
5990.63     	5212.66
6013.98     	5229.83
6037.33     	5246.99
6060.67     	5264.12
6084.02     	5281.22
6107.37     	5298.3
6130.71     	5315.36
6154.06     	5332.39
6177.41     	5349.39
6200.75     	5366.37
6224.1      	5383.33
6247.45     	5400.26
6270.79     	5417.17
6294.14     	5434.05
6317.48     	5450.91
6340.83     	5467.74
6364.17     	5484.55
6387.52     	5501.34
6410.86     	5518.1
6434.21     	5534.83
6457.55     	5551.54
6480.9      	5568.23
6504.24     	5584.89
6527.59     	5601.53
6550.93     	5618.14
6574.28     	5634.72
6597.62     	5651.29
6620.96     	5667.83
6644.31     	5684.34
6667.65     	5700.83
6691        	5717.29
6714.34     	5733.73
6737.68     	5750.15
6761.03     	5766.54
6784.37     	5782.91
6807.71     	5799.25
6831.06     	5815.56
6854.4      	5831.86
6877.74     	5848.12
6901.09     	5864.37
6924.43     	5880.59
6947.77     	5896.78
6971.12     	5912.95
6994.46     	5929.09
7017.8      	5945.22
7041.14     	5961.31
7064.49     	5977.38
7087.83     	5993.43
7111.17     	6009.45
7134.51     	6025.45
7157.86     	6041.42
7181.2      	6057.37
7204.54     	6073.29
7227.88     	6089.19
7251.23     	6105.07
7274.57     	6120.92
7297.91     	6136.74
7321.25     	6152.54
7344.59     	6168.32
7367.94     	6184.07
7391.28     	6199.8
7414.62     	6215.5
7437.96     	6231.18
7461.3      	6246.83
7484.64     	6262.46
7507.99     	6278.07
7531.33     	6293.65
7554.67     	6309.2
7578.01     	6324.73
7601.35     	6340.24
7624.69     	6355.72
7648.03     	6371.18
7671.37     	6386.61
7694.72     	6402.02
7718.06     	6417.4
7741.4      	6432.76
7764.74     	6448.1
7788.08     	6463.41
7811.42     	6478.69
7834.76     	6493.95
7858.1      	6509.19
7881.44     	6524.4
7904.78     	6539.59
7928.12     	6554.75
7951.47     	6569.89
7974.81     	6585
7998.15     	6600.09
8021.49     	6615.15
8044.83     	6630.19
8068.17     	6645.21
8091.51     	6660.2
8114.85     	6675.17
8138.19     	6690.11
8161.53     	6705.02
8184.87     	6719.92
8208.21     	6734.79
8231.55     	6749.63
8254.89     	6764.45
8278.23     	6779.24
8301.57     	6794.01
8324.91     	6808.76
8348.25     	6823.48
8371.59     	6838.17
8394.93     	6852.85
8418.27     	6867.49
8441.61     	6882.12
8464.95     	6896.71
8488.29     	6911.29
8511.63     	6925.84
8534.97     	6940.36
8558.31     	6954.86
8581.65     	6969.33
8604.99     	6983.79
8628.33     	6998.21
8651.67     	7012.61
8675.01     	7026.99
8698.35     	7041.34
8721.69     	7055.67
8745.03     	7069.97
8768.37     	7084.25
8791.71     	7098.51
8815.05     	7112.74
8838.39     	7126.94
8861.73     	7141.12
8885.07     	7155.28
8908.41     	7169.41
8931.75     	7183.52
8955.09     	7197.6
8978.42     	7211.66
9001.76     	7225.69
9025.1      	7239.7
9048.44     	7253.69
9071.78     	7267.65
9095.12     	7281.58
9118.46     	7295.49
9141.8      	7309.38
9165.14     	7323.24
9188.48     	7337.08
9211.82     	7350.89
9235.16     	7364.68
9258.5      	7378.44
9281.84     	7392.18
9305.18     	7405.9
9328.51     	7419.59
9351.85     	7433.25
9375.19     	7446.89
9398.53     	7460.51
9421.87     	7474.1
9445.21     	7487.67
9468.55     	7501.21
9491.89     	7514.73
9515.23     	7528.23
9538.57     	7541.69
9561.91     	7555.14
9585.25     	7568.56
9608.58     	7581.96
9631.92     	7595.33
9655.26     	7608.67
9678.6      	7622
9701.94     	7635.29
9725.28     	7648.57
9748.62     	7661.81
9771.96     	7675.04
9795.3      	7688.24
9818.64     	7701.41
9841.97     	7714.56
9865.31     	7727.69
9888.65     	7740.79
9911.99     	7753.87
9935.33     	7766.92
9958.67     	7779.95
9982.01     	7792.95
10005.3     	7805.93
10028.7     	7818.88
10052       	7831.81
10075.4     	7844.72
10098.7     	7857.6
10122       	7870.45
10145.4     	7883.29
10168.7     	7896.09
10192.1     	7908.87
10215.4     	7921.63
10238.7     	7934.37
10262.1     	7947.07
10285.4     	7959.76
10308.8     	7972.42
10332.1     	7985.05
10355.4     	7997.66
10378.8     	8010.25
10402.1     	8022.81
10425.4     	8035.35
10448.8     	8047.86
10472.1     	8060.35
10495.5     	8072.81
10518.8     	8085.25
10542.1     	8097.67
10565.5     	8110.06
10588.8     	8122.42
10612.2     	8134.76
10635.5     	8147.08
10658.8     	8159.37
10682.2     	8171.64
10705.5     	8183.88
10728.8     	8196.1
10752.2     	8208.29
10775.5     	8220.46
10798.9     	8232.61
10822.2     	8244.73
10845.5     	8256.82
10868.9     	8268.89
10892.2     	8280.94
10915.6     	8292.96
10938.9     	8304.96
10962.2     	8316.93
10985.6     	8328.88
11008.9     	8340.81
11032.2     	8352.71
11055.6     	8364.58
11078.9     	8376.43
11102.3     	8388.26
11125.6     	8400.06
11148.9     	8411.83
11172.3     	8423.59
11195.6     	8435.31
11219       	8447.02
11242.3     	8458.7
11265.6     	8470.35
11289       	8481.98
11312.3     	8493.58
11335.6     	8505.17
11359       	8516.72
11382.3     	8528.25
11405.7     	8539.76
11429       	8551.24
11452.3     	8562.7
11475.7     	8574.13
11499       	8585.54
11522.4     	8596.93
11545.7     	8608.29
11569       	8619.62
11592.4     	8630.93
11615.7     	8642.22
11639       	8653.48
11662.4     	8664.72
11685.7     	8675.93
11709.1     	8687.12
11732.4     	8698.28
11755.7     	8709.42
11779.1     	8720.53
11802.4     	8731.62
11825.8     	8742.69
11849.1     	8753.73
11872.4     	8764.75
11895.8     	8775.74
11919.1     	8786.71
11942.4     	8797.65
11965.8     	8808.57
11989.1     	8819.46
12012.5     	8830.33
12035.8     	8841.18
12059.1     	8852
12082.5     	8862.79
12105.8     	8873.56
12129.2     	8884.31
12152.5     	8895.03
12175.8     	8905.73
12199.2     	8916.4
12222.5     	8927.05
12245.8     	8937.67
12269.2     	8948.27
12292.5     	8958.85
12315.9     	8969.4
12339.2     	8979.92
12362.5     	8990.43
12385.9     	9000.9
12409.2     	9011.36
12432.5     	9021.78
12455.9     	9032.19
12479.2     	9042.56
12502.6     	9052.92
12525.9     	9063.25
12549.2     	9073.55
12572.6     	9083.83
12595.9     	9094.09
12619.3     	9104.32
12642.6     	9114.53
12665.9     	9124.71
12689.3     	9134.87
12712.6     	9145
12735.9     	9155.11
12759.3     	9165.2
12782.6     	9175.26
12806       	9185.29
12829.3     	9195.3
12852.6     	9205.29
12876       	9215.25
12899.3     	9225.19
12922.7     	9235.1
12946       	9244.99
12969.3     	9254.85
12992.7     	9264.69
13016       	9274.51
13039.3     	9284.3
13062.7     	9294.06
13086       	9303.8
13109.4     	9313.52
13132.7     	9323.21
13156       	9332.88
13179.4     	9342.52
13202.7     	9352.14
13226       	9361.73
13249.4     	9371.3
13272.7     	9380.85
13296.1     	9390.37
13319.4     	9399.86
13342.7     	9409.33
13366.1     	9418.78
13389.4     	9428.2
13412.8     	9437.6
13436.1     	9446.97
13459.4     	9456.32
13482.8     	9465.65
13506.1     	9474.95
13529.4     	9484.22
13552.8     	9493.47
13576.1     	9502.7
13599.5     	9511.9
13622.8     	9521.08
13646.1     	9530.23
13669.5     	9539.36
13692.8     	9548.46
13716.1     	9557.54
13739.5     	9566.59
13762.8     	9575.62
13786.2     	9584.63
13809.5     	9593.61
13832.8     	9602.57
13856.2     	9611.5
13879.5     	9620.4
13902.9     	9629.29
13926.2     	9638.14
13949.5     	9646.98
13972.9     	9655.79
13996.2     	9664.57
14019.5     	9673.33
14042.9     	9682.07
14066.2     	9690.78
14089.6     	9699.46
14112.9     	9708.13
14136.2     	9716.76
14159.6     	9725.38
14182.9     	9733.97
14206.2     	9742.53
14229.6     	9751.07
14252.9     	9759.58
14276.3     	9768.07
14299.6     	9776.54
14322.9     	9784.98
14346.3     	9793.4
14369.6     	9801.79
14393       	9810.16
14416.3     	9818.5
14439.6     	9826.82
14463       	9835.11
14486.3     	9843.38
14509.6     	9851.63
14533       	9859.85
14556.3     	9868.04
14579.7     	9876.21
14603       	9884.36
14626.3     	9892.48
14649.7     	9900.58
14673       	9908.65
14696.3     	9916.7
14719.7     	9924.73
14743       	9932.73
14766.4     	9940.7
14789.7     	9948.65
14813       	9956.58
14836.4     	9964.48
14859.7     	9972.36
14883.1     	9980.21
14906.4     	9988.04
14929.7     	9995.84
14953.1     	10003.6
14976.4     	10011.4
14999.7     	10019.1
15023.1     	10026.8
15046.4     	10034.5
15069.8     	10042.1
15093.1     	10049.8
15116.4     	10057.4
15139.8     	10065
15163.1     	10072.5
15186.4     	10080.1
15209.8     	10087.6
15233.1     	10095.1
15256.5     	10102.5
15279.8     	10110
15303.1     	10117.4
15326.5     	10124.7
15349.8     	10132.1
15373.2     	10139.4
15396.5     	10146.8
15419.8     	10154.1
15443.2     	10161.3
15466.5     	10168.6
15489.8     	10175.8
15513.2     	10183
15536.5     	10190.1
15559.9     	10197.3
15583.2     	10204.4
15606.5     	10211.5
15629.9     	10218.5
15653.2     	10225.6
15676.5     	10232.6
15699.9     	10239.6
15723.2     	10246.6
15746.6     	10253.5
15769.9     	10260.4
15793.2     	10267.3
15816.6     	10274.2
15839.9     	10281
15863.3     	10287.9
15886.6     	10294.7
15909.9     	10301.4
15933.3     	10308.2
15956.6     	10314.9
15979.9     	10321.6
16003.3     	10328.3
16026.6     	10334.9
16050       	10341.6
16073.3     	10348.2
16096.6     	10354.7
16120       	10361.3
16143.3     	10367.8
16166.6     	10374.3
16190       	10380.8
16213.3     	10387.3
16236.7     	10393.7
16260       	10400.1
16283.3     	10406.5
16306.7     	10412.8
16330       	10419.2
16353.4     	10425.5
16376.7     	10431.8
16400       	10438
16423.4     	10444.3
16446.7     	10450.5
16470       	10456.6
16493.4     	10462.8
16516.7     	10468.9
16540.1     	10475.1
16563.4     	10481.1
16586.7     	10487.2
16610.1     	10493.2
16633.4     	10499.3
16656.7     	10505.2
16680.1     	10511.2
16703.4     	10517.1
16726.8     	10523.1
16750.1     	10529
16773.4     	10534.8
16796.8     	10540.7
16820.1     	10546.5
16843.4     	10552.3
16866.8     	10558
16890.1     	10563.8
16913.5     	10569.5
16936.8     	10575.2
16960.1     	10580.9
16983.5     	10586.5
17006.8     	10592.1
17030.2     	10597.7
17053.5     	10603.3
17076.8     	10608.8
17100.2     	10614.4
17123.5     	10619.9
17146.8     	10625.3
17170.2     	10630.8
17193.5     	10636.2
17216.9     	10641.6
17240.2     	10647
17263.5     	10652.3
17286.9     	10657.7
17310.2     	10663
17333.5     	10668.2
17356.9     	10673.5
17380.2     	10678.7
17403.6     	10683.9
17426.9     	10689.1
17450.2     	10694.3
17473.6     	10699.4
17496.9     	10704.5
17520.2     	10709.6
17543.6     	10714.6
17566.9     	10719.7
17590.3     	10724.7
17613.6     	10729.7
17636.9     	10734.6
17660.3     	10739.6
17683.6     	10744.5
17707       	10749.3
17730.3     	10754.2
17753.6     	10759
17777       	10763.9
17800.3     	10768.6
17823.6     	10773.4
17847       	10778.1
17870.3     	10782.9
17893.7     	10787.5
17917       	10792.2
17940.3     	10796.8
17963.7     	10801.5
17987       	10806.1
18010.3     	10810.6
18033.7     	10815.2
18057       	10819.7
18080.4     	10824.2
18103.7     	10828.6
18127       	10833.1
18150.4     	10837.5
18173.7     	10841.9
18197.1     	10846.3
18220.4     	10850.6
18243.7     	10854.9
18267.1     	10859.2
18290.4     	10863.5
18313.7     	10867.8
18337.1     	10872
18360.4     	10876.2
18383.8     	10880.3
18407.1     	10884.5
18430.4     	10888.6
18453.8     	10892.7
18477.1     	10896.8
18500.4     	10900.8
18523.8     	10904.9
18547.1     	10908.9
18570.5     	10912.9
18593.8     	10916.8
18617.1     	10920.7
18640.5     	10924.6
18663.8     	10928.5
18687.1     	10932.4
18710.5     	10936.2
18733.8     	10940
18757.2     	10943.8
18780.5     	10947.5
18803.8     	10951.3
18827.2     	10955
18850.5     	10958.7
18873.9     	10962.3
18897.2     	10966
18920.5     	10969.6
18943.9     	10973.2
18967.2     	10976.7
18990.5     	10980.3
19013.9     	10983.8
19037.2     	10987.3
19060.6     	10990.7
19083.9     	10994.2
19107.2     	10997.6
19130.6     	11001
19153.9     	11004.3
19177.2     	11007.7
19200.6     	11011
19223.9     	11014.3
19247.3     	11017.5
19270.6     	11020.8
19293.9     	11024
19317.3     	11027.2
19340.6     	11030.4
19363.9     	11033.5
19387.3     	11036.6
19410.6     	11039.7
19434       	11042.8
19457.3     	11045.8
19480.6     	11048.8
19504       	11051.8
19527.3     	11054.8
19550.7     	11057.8
19574       	11060.7
19597.3     	11063.6
19620.7     	11066.5
19644       	11069.3
19667.3     	11072.1
19690.7     	11074.9
19714       	11077.7
19737.4     	11080.5
19760.7     	11083.2
19784       	11085.9
19807.4     	11088.6
19830.7     	11091.2
19854       	11093.9
19877.4     	11096.5
19900.7     	11099
19924.1     	11101.6
19947.4     	11104.1
19970.7     	11106.6
19994.1     	11109.1
20017.4     	11111.6
20040.7     	11114
20064.1     	11116.4
20087.4     	11118.8
20110.8     	11121.1
20134.1     	11123.5
20157.4     	11125.8
20180.8     	11128.1
20204.1     	11130.3
20227.5     	11132.6
20250.8     	11134.8
20274.1     	11137
20297.5     	11139.1
20320.8     	11141.3
20344.1     	11143.4
20367.5     	11145.5
20390.8     	11147.5
20414.2     	11149.6
20437.5     	11151.6
20460.8     	11153.6
20484.2     	11155.6
20507.5     	11157.5
20530.8     	11159.4
20554.2     	11161.3
20577.5     	11163.2
20600.9     	11165
20624.2     	11166.8
20647.5     	11168.6
20670.9     	11170.4
20694.2     	11172.1
20717.5     	11173.9
20740.9     	11175.6
20764.2     	11177.2
20787.6     	11178.9
20810.9     	11180.5
20834.2     	11182.1
20857.6     	11183.7
20880.9     	11185.2
20904.3     	11186.8
20927.6     	11188.3
20950.9     	11189.7
20974.3     	11191.2
20997.6     	11192.6
21020.9     	11194
21044.3     	11195.4
21067.6     	11196.7
21091       	11198.1
21114.3     	11199.4
21137.6     	11200.7
21161       	11201.9
21184.3     	11203.1
21207.6     	11204.4
21231       	11205.5
21254.3     	11206.7
21277.7     	11207.8
21301       	11208.9
21324.3     	11210
21347.7     	11211.1
21371       	11212.1
21394.3     	11213.1
21417.7     	11214.1
21441       	11215.1
21464.4     	11216
21487.7     	11216.9
21511       	11217.8
21534.4     	11218.7
21557.7     	11219.5
21581.1     	11220.3
21604.4     	11221.1
21627.7     	11221.9
21651.1     	11222.6
21674.4     	11223.3
21697.7     	11224
21721.1     	11224.7
21744.4     	11225.3
21767.8     	11225.9
21791.1     	11226.5
21814.4     	11227.1
21837.8     	11227.7
21861.1     	11228.2
21884.4     	11228.7
21907.8     	11229.1
21931.1     	11229.6
21954.5     	11230
21977.8     	11230.4
22001.1     	11230.8
22024.5     	11231.1
22047.8     	11231.4
22071.1     	11231.7
22094.5     	11232
22117.8     	11232.3
22141.2     	11232.5
22164.5     	11232.7
22187.8     	11232.9
22211.2     	11233
22234.5     	11233.1
22257.9     	11233.2
22281.2     	11233.3
22304.5     	11233.4
22327.9     	11233.4
22351.2     	11233.4
22374.5     	11233.4
22397.9     	11233.4
22421.2     	11233.3
22444.6     	11233.2
22467.9     	11233.1
22491.2     	11232.9
22514.6     	11232.8
22537.9     	11232.6
22561.2     	11232.4
22584.6     	11232.1
22607.9     	11231.8
22631.3     	11231.6
22654.6     	11231.2
22677.9     	11230.9
22701.3     	11230.5
22724.6     	11230.2
22747.9     	11229.7
22771.3     	11229.3
22794.6     	11228.8
22818       	11228.4
22841.3     	11227.8
22864.6     	11227.3
22888       	11226.8
22911.3     	11226.2
22934.7     	11225.6
22958       	11224.9
22981.3     	11224.3
23004.7     	11223.6
23028       	11222.9
23051.3     	11222.1
23074.7     	11221.4
23098       	11220.6
23121.4     	11219.8
23144.7     	11219
23168       	11218.1
23191.4     	11217.2
23214.7     	11216.3
23238       	11215.4
23261.4     	11214.5
23284.7     	11213.5
23308.1     	11212.5
23331.4     	11211.5
23354.7     	11210.4
23378.1     	11209.3
23401.4     	11208.2
23424.7     	11207.1
23448.1     	11206
23471.4     	11204.8
23494.8     	11203.6
23518.1     	11202.4
23541.4     	11201.1
23564.8     	11199.9
23588.1     	11198.6
23611.4     	11197.2
23634.8     	11195.9
23658.1     	11194.5
23681.5     	11193.1
23704.8     	11191.7
23728.1     	11190.3
23751.5     	11188.8
23774.8     	11187.3
23798.2     	11185.8
23821.5     	11184.3
23844.8     	11182.7
23868.2     	11181.1
23891.5     	11179.5
23914.8     	11177.8
23938.2     	11176.2
23961.5     	11174.5
23984.9     	11172.8
24008.2     	11171.1
24031.5     	11169.3
24054.9     	11167.5
24078.2     	11165.7
24101.5     	11163.9
24124.9     	11162
24148.2     	11160.1
24171.6     	11158.2
24194.9     	11156.3
24218.2     	11154.3
24241.6     	11152.3
24264.9     	11150.3
24288.2     	11148.3
24311.6     	11146.2
24334.9     	11144.2
24358.3     	11142.1
24381.6     	11139.9
24404.9     	11137.8
24428.3     	11135.6
24451.6     	11133.4
24475       	11131.2
24498.3     	11128.9
24521.6     	11126.6
24545       	11124.3
24568.3     	11122
24591.6     	11119.7
24615       	11117.3
24638.3     	11114.9
24661.7     	11112.5
24685       	11110
24708.3     	11107.5
24731.7     	11105
24755       	11102.5
24778.3     	11100
24801.7     	11097.4
24825       	11094.8
24848.4     	11092.2
24871.7     	11089.5
24895       	11086.9
24918.4     	11084.2
24941.7     	11081.5
24965       	11078.7
24988.4     	11076
25011.7     	11073.2
25035.1     	11070.4
25058.4     	11067.5
25081.7     	11064.6
25105.1     	11061.8
25128.4     	11058.8
25151.7     	11055.9
25175.1     	11052.9
25198.4     	11050
25221.8     	11046.9
25245.1     	11043.9
25268.4     	11040.8
25291.8     	11037.8
25315.1     	11034.6
25338.5     	11031.5
25361.8     	11028.4
25385.1     	11025.2
25408.5     	11022
25431.8     	11018.7
25455.1     	11015.5
25478.5     	11012.2
25501.8     	11008.9
25525.2     	11005.6
25548.5     	11002.2
25571.8     	10998.8
25595.2     	10995.4
25618.5     	10992
25641.8     	10988.5
25665.2     	10985.1
25688.5     	10981.6
25711.9     	10978
25735.2     	10974.5
25758.5     	10970.9
25781.9     	10967.3
25805.2     	10963.7
25828.5     	10960
25851.9     	10956.3
25875.2     	10952.6
25898.6     	10948.9
25921.9     	10945.2
25945.2     	10941.4
25968.6     	10937.6
25991.9     	10933.8
26015.3     	10929.9
26038.6     	10926.1
26061.9     	10922.2
26085.3     	10918.3
26108.6     	10914.3
26131.9     	10910.3
26155.3     	10906.4
26178.6     	10902.3
26202       	10898.3
26225.3     	10894.2
26248.6     	10890.1
26272       	10886
26295.3     	10881.9
26318.6     	10877.7
26342       	10873.5
26365.3     	10869.3
26388.7     	10865.1
26412       	10860.8
26435.3     	10856.5
26458.7     	10852.2
26482       	10847.9
26505.3     	10843.5
26528.7     	10839.1
26552       	10834.7
26575.4     	10830.3
26598.7     	10825.8
26622       	10821.3
26645.4     	10816.8
26668.7     	10812.3
26692       	10807.7
26715.4     	10803.2
26738.7     	10798.6
26762.1     	10793.9
26785.4     	10789.3
26808.7     	10784.6
26832.1     	10779.9
26855.4     	10775.2
26878.8     	10770.4
26902.1     	10765.6
26925.4     	10760.8
26948.8     	10756
26972.1     	10751.1
26995.4     	10746.3
27018.8     	10741.4
27042.1     	10736.4
27065.5     	10731.5
27088.8     	10726.5
27112.1     	10721.5
27135.5     	10716.5
27158.8     	10711.4
27182.1     	10706.4
27205.5     	10701.3
27228.8     	10696.2
27252.2     	10691
27275.5     	10685.8
27298.8     	10680.6
27322.2     	10675.4
27345.5     	10670.2
27368.8     	10664.9
27392.2     	10659.6
27415.5     	10654.3
27438.9     	10649
27462.2     	10643.6
27485.5     	10638.2
27508.9     	10632.8
27532.2     	10627.4
27555.5     	10621.9
27578.9     	10616.4
27602.2     	10610.9
27625.6     	10605.3
27648.9     	10599.8
27672.2     	10594.2
27695.6     	10588.6
27718.9     	10582.9
27742.3     	10577.3
27765.6     	10571.6
27788.9     	10565.9
27812.3     	10560.2
27835.6     	10554.4
27858.9     	10548.6
27882.3     	10542.8
27905.6     	10537
27929       	10531.1
27952.3     	10525.2
27975.6     	10519.3
27999       	10513.4
28022.3     	10507.4
28045.6     	10501.5
28069       	10495.5
28092.3     	10489.4
28115.7     	10483.4
28139       	10477.3
28162.3     	10471.2
28185.7     	10465.1
28209       	10458.9
28232.3     	10452.7
28255.7     	10446.5
28279       	10440.3
28302.4     	10434.1
28325.7     	10427.8
28349       	10421.5
28372.4     	10415.2
28395.7     	10408.8
28419       	10402.5
28442.4     	10396.1
28465.7     	10389.6
28489.1     	10383.2
28512.4     	10376.7
28535.7     	10370.2
28559.1     	10363.7
28582.4     	10357.2
28605.8     	10350.6
28629.1     	10344
28652.4     	10337.4
28675.8     	10330.7
28699.1     	10324.1
28722.4     	10317.4
28745.8     	10310.7
28769.1     	10303.9
28792.5     	10297.2
28815.8     	10290.4
28839.1     	10283.6
28862.5     	10276.7
28885.8     	10269.9
28909.1     	10263
28932.5     	10256.1
28955.8     	10249.1
28979.2     	10242.2
29002.5     	10235.2
29025.8     	10228.2
29049.2     	10221.1
29072.5     	10214.1
29095.8     	10207
29119.2     	10199.9
29142.5     	10192.8
29165.9     	10185.6
29189.2     	10178.4
29212.5     	10171.2
29235.9     	10164
29259.2     	10156.7
29282.5     	10149.5
29305.9     	10142.2
29329.2     	10134.8
29352.6     	10127.5
29375.9     	10120.1
29399.2     	10112.7
29422.6     	10105.3
29445.9     	10097.8
29469.2     	10090.3
29492.6     	10082.8
29515.9     	10075.3
29539.3     	10067.8
29562.6     	10060.2
29585.9     	10052.6
29609.3     	10045
29632.6     	10037.3
29656       	10029.6
29679.3     	10022
29702.6     	10014.2
29726       	10006.5
29749.3     	9998.72
29772.6     	9990.92
29796       	9983.1
29819.3     	9975.26
29842.7     	9967.39
29866       	9959.5
29889.3     	9951.58
29912.7     	9943.64
29936       	9935.67
29959.3     	9927.68
29982.7     	9919.67
30006       	9911.63
30029.4     	9903.57
30052.7     	9895.48
30076       	9887.36
30099.4     	9879.23
30122.7     	9871.06
30146       	9862.88
30169.4     	9854.67
30192.7     	9846.43
30216.1     	9838.17
30239.4     	9829.88
30262.7     	9821.57
30286.1     	9813.24
30309.4     	9804.88
30332.7     	9796.5
30356.1     	9788.09
30379.4     	9779.66
30402.8     	9771.2
30426.1     	9762.72
30449.4     	9754.22
30472.8     	9745.69
30496.1     	9737.13
30519.4     	9728.55
30542.8     	9719.95
30566.1     	9711.32
30589.5     	9702.67
30612.8     	9693.99
30636.1     	9685.29
30659.5     	9676.56
30682.8     	9667.81
30706.1     	9659.04
30729.5     	9650.24
30752.8     	9641.41
30776.2     	9632.56
30799.5     	9623.69
30822.8     	9614.79
30846.2     	9605.87
30869.5     	9596.92
30892.8     	9587.95
30916.2     	9578.95
30939.5     	9569.93
30962.9     	9560.89
30986.2     	9551.82
31009.5     	9542.72
31032.9     	9533.61
31056.2     	9524.46
31079.6     	9515.29
31102.9     	9506.1
31126.2     	9496.89
31149.6     	9487.64
31172.9     	9478.38
31196.2     	9469.09
31219.6     	9459.77
31242.9     	9450.43
31266.3     	9441.07
31289.6     	9431.68
31312.9     	9422.27
31336.3     	9412.83
31359.6     	9403.37
31382.9     	9393.88
31406.3     	9384.37
31429.6     	9374.84
31453       	9365.27
31476.3     	9355.69
31499.6     	9346.08
31523       	9336.45
31546.3     	9326.79
31569.6     	9317.11
31593       	9307.4
31616.3     	9297.67
31639.7     	9287.91
31663       	9278.13
31686.3     	9268.32
31709.7     	9258.49
31733       	9248.64
31756.3     	9238.76
31779.7     	9228.86
31803       	9218.93
31826.4     	9208.98
31849.7     	9199
31873       	9189
31896.4     	9178.97
31919.7     	9168.92
31943       	9158.85
31966.4     	9148.75
31989.7     	9138.62
32013.1     	9128.47
32036.4     	9118.3
32059.7     	9108.1
32083.1     	9097.88
32106.4     	9087.63
32129.7     	9077.36
32153.1     	9067.07
32176.4     	9056.75
32199.8     	9046.4
32223.1     	9036.03
32246.4     	9025.64
32269.8     	9015.22
32293.1     	9004.78
32316.4     	8994.31
32339.8     	8983.82
32363.1     	8973.3
32386.5     	8962.76
32409.8     	8952.19
32433.1     	8941.6
32456.5     	8930.99
32479.8     	8920.35
32503.1     	8909.69
32526.5     	8899
32549.8     	8888.28
32573.2     	8877.55
32596.5     	8866.79
32619.8     	8856
32643.2     	8845.19
32666.5     	8834.35
32689.8     	8823.49
32713.2     	8812.61
32736.5     	8801.7
32759.9     	8790.77
32783.2     	8779.81
32806.5     	8768.83
32829.9     	8757.82
32853.2     	8746.79
32876.5     	8735.73
32899.9     	8724.65
32923.2     	8713.54
32946.6     	8702.41
32969.9     	8691.26
32993.2     	8680.08
33016.6     	8668.88
33039.9     	8657.65
33063.2     	8646.4
33086.6     	8635.12
33109.9     	8623.82
33133.3     	8612.49
33156.6     	8601.14
33179.9     	8589.77
33203.3     	8578.37
33226.6     	8566.95
33249.9     	8555.5
33273.3     	8544.02
33296.6     	8532.53
33320       	8521
33343.3     	8509.46
33366.6     	8497.89
33390       	8486.29
33413.3     	8474.67
33436.6     	8463.03
33460       	8451.36
33483.3     	8439.66
33506.7     	8427.95
33530       	8416.2
33553.3     	8404.44
33576.7     	8392.64
33600       	8380.83
33623.3     	8368.99
33646.7     	8357.12
33670       	8345.23
33693.4     	8333.32
33716.7     	8321.38
33740       	8309.41
33763.4     	8297.43
33786.7     	8285.41
33810       	8273.38
33833.4     	8261.32
33856.7     	8249.23
33880.1     	8237.12
33903.4     	8224.98
33926.7     	8212.82
33950.1     	8200.64
33973.4     	8188.43
33996.7     	8176.2
34020.1     	8163.94
34043.4     	8151.66
34066.8     	8139.35
34090.1     	8127.02
34113.4     	8114.66
34136.8     	8102.28
34160.1     	8089.88
34183.4     	8077.45
34206.8     	8065
34230.1     	8052.52
34253.4     	8040.01
34276.8     	8027.49
34300.1     	8014.94
34323.5     	8002.36
34346.8     	7989.76
34370.1     	7977.13
34393.5     	7964.48
34416.8     	7951.81
34440.1     	7939.11
34463.5     	7926.39
34486.8     	7913.64
34510.2     	7900.86
34533.5     	7888.07
34556.8     	7875.25
34580.2     	7862.4
34603.5     	7849.53
34626.8     	7836.63
34650.2     	7823.71
34673.5     	7810.77
34696.9     	7797.8
34720.2     	7784.81
34743.5     	7771.79
34766.9     	7758.75
34790.2     	7745.68
34813.5     	7732.59
34836.9     	7719.47
34860.2     	7706.33
34883.5     	7693.17
34906.9     	7679.98
34930.2     	7666.76
34953.6     	7653.53
34976.9     	7640.26
35000.2     	7626.97
35023.6     	7613.66
35046.9     	7600.33
35070.2     	7586.97
35093.6     	7573.58
35116.9     	7560.17
35140.3     	7546.73
35163.6     	7533.28
35186.9     	7519.79
35210.3     	7506.28
35233.6     	7492.75
35256.9     	7479.19
35280.3     	7465.61
35303.6     	7452.01
35326.9     	7438.37
35350.3     	7424.72
35373.6     	7411.04
35397       	7397.34
35420.3     	7383.61
35443.6     	7369.85
35467       	7356.08
35490.3     	7342.27
35513.6     	7328.45
35537       	7314.59
35560.3     	7300.72
35583.6     	7286.82
35607       	7272.89
35630.3     	7258.94
35653.7     	7244.97
35677       	7230.97
35700.3     	7216.95
35723.7     	7202.9
35747       	7188.83
35770.3     	7174.73
35793.7     	7160.61
35817       	7146.47
35840.3     	7132.3
35863.7     	7118.1
35887       	7103.88
35910.4     	7089.64
35933.7     	7075.37
35957       	7061.08
35980.4     	7046.76
36003.7     	7032.42
36027       	7018.05
36050.4     	7003.66
36073.7     	6989.25
36097       	6974.81
36120.4     	6960.34
36143.7     	6945.85
36167.1     	6931.34
36190.4     	6916.8
36213.7     	6902.24
36237.1     	6887.65
36260.4     	6873.04
36283.7     	6858.41
36307.1     	6843.75
36330.4     	6829.06
36353.7     	6814.35
36377.1     	6799.62
36400.4     	6784.86
36423.7     	6770.08
36447.1     	6755.27
36470.4     	6740.44
36493.8     	6725.58
36517.1     	6710.7
36540.4     	6695.79
36563.8     	6680.86
36587.1     	6665.91
36610.4     	6650.93
36633.8     	6635.93
36657.1     	6620.9
36680.4     	6605.85
36703.8     	6590.77
36727.1     	6575.67
36750.4     	6560.54
36773.8     	6545.39
36797.1     	6530.22
36820.5     	6515.02
36843.8     	6499.79
36867.1     	6484.55
36890.5     	6469.27
36913.8     	6453.98
36937.1     	6438.65
36960.5     	6423.31
36983.8     	6407.94
37007.1     	6392.54
37030.5     	6377.12
37053.8     	6361.68
37077.1     	6346.21
37100.5     	6330.71
37123.8     	6315.2
37147.1     	6299.65
37170.5     	6284.09
37193.8     	6268.5
37217.1     	6252.88
37240.5     	6237.24
37263.8     	6221.57
37287.1     	6205.89
37310.5     	6190.17
37333.8     	6174.43
37357.1     	6158.67
37380.5     	6142.88
37403.8     	6127.07
37427.1     	6111.23
37450.5     	6095.37
37473.8     	6079.49
37497.2     	6063.58
37520.5     	6047.64
37543.8     	6031.69
37567.2     	6015.7
37590.5     	5999.7
37613.8     	5983.66
37637.2     	5967.61
37660.5     	5951.53
37683.8     	5935.42
37707.2     	5919.29
37730.5     	5903.14
37753.8     	5886.96
37777.2     	5870.75
37800.5     	5854.52
37823.8     	5838.27
37847.1     	5822
37870.5     	5805.69
37893.8     	5789.37
37917.1     	5773.02
37940.5     	5756.64
37963.8     	5740.24
37987.1     	5723.82
38010.5     	5707.37
38033.8     	5690.9
38057.1     	5674.4
38080.5     	5657.88
38103.8     	5641.33
38127.1     	5624.76
38150.5     	5608.17
38173.8     	5591.55
38197.1     	5574.91
38220.5     	5558.24
38243.8     	5541.54
38267.1     	5524.83
38290.5     	5508.09
38313.8     	5491.32
38337.1     	5474.53
38360.4     	5457.71
38383.8     	5440.87
38407.1     	5424.01
38430.4     	5407.12
38453.8     	5390.21
38477.1     	5373.27
38500.4     	5356.31
38523.8     	5339.32
38547.1     	5322.31
38570.4     	5305.28
38593.7     	5288.22
38617.1     	5271.14
38640.4     	5254.03
38663.7     	5236.9
38687.1     	5219.74
38710.4     	5202.56
38733.7     	5185.35
38757       	5168.12
38780.4     	5150.87
38803.7     	5133.59
38827       	5116.28
38850.4     	5098.96
38873.7     	5081.6
38897       	5064.23
38920.3     	5046.83
38943.7     	5029.4
38967       	5011.95
38990.3     	4994.48
39013.7     	4976.98
39037       	4959.45
39060.3     	4941.91
39083.6     	4924.33
39107       	4906.74
39130.3     	4889.12
39153.6     	4871.47
39176.9     	4853.8
39200.3     	4836.11
39223.6     	4818.39
39246.9     	4800.65
39270.2     	4782.88
39293.6     	4765.09
39316.9     	4747.27
39340.2     	4729.43
39363.5     	4711.57
39386.8     	4693.68
39410.2     	4675.77
39433.5     	4657.83
39456.8     	4639.87
39480.1     	4621.88
39503.5     	4603.87
39526.8     	4585.84
39550.1     	4567.78
39573.4     	4549.7
39596.7     	4531.59
39620.1     	4513.46
39643.4     	4495.3
39666.7     	4477.12
39690       	4458.92
39713.3     	4440.69
39736.7     	4422.44
39760       	4404.16
39783.3     	4385.86
39806.6     	4367.53
39829.9     	4349.18
39853.3     	4330.81
39876.6     	4312.41
39899.9     	4293.98
39923.2     	4275.54
39946.5     	4257.07
39969.8     	4238.57
39993.2     	4220.05
40016.5     	4201.51
40039.8     	4182.94
40063.1     	4164.35
40086.4     	4145.73
40109.7     	4127.09
40133       	4108.42
40156.3     	4089.73
40179.7     	4071.02
40203       	4052.28
40226.3     	4033.52
40249.6     	4014.74
40272.9     	3995.93
40296.2     	3977.09
40319.5     	3958.23
40342.8     	3939.35
40366.1     	3920.45
40389.4     	3901.51
40412.7     	3882.56
40436.1     	3863.58
40459.4     	3844.58
40482.7     	3825.55
40506       	3806.5
40529.3     	3787.43
40552.6     	3768.33
40575.9     	3749.21
40599.2     	3730.06
40622.5     	3710.89
40645.8     	3691.69
40669.1     	3672.48
40692.4     	3653.23
40715.7     	3633.97
40739       	3614.68
40762.3     	3595.36
40785.6     	3576.02
40808.9     	3556.66
40832.2     	3537.28
40855.5     	3517.87
40878.7     	3498.43
40902       	3478.98
40925.3     	3459.49
40948.6     	3439.99
40971.9     	3420.46
40995.2     	3400.91
41018.5     	3381.33
41041.8     	3361.73
41065.1     	3342.11
41088.3     	3322.46
41111.6     	3302.79
41134.9     	3283.09
41158.2     	3263.38
41181.5     	3243.63
41204.7     	3223.87
41228       	3204.08
41251.3     	3184.27
41274.6     	3164.43
41297.9     	3144.57
41321.1     	3124.69
41344.4     	3104.78
41367.7     	3084.85
41390.9     	3064.89
41414.2     	3044.92
41437.5     	3024.92
41460.7     	3004.89
41484       	2984.85
41507.3     	2964.78
41530.5     	2944.68
41553.8     	2924.56
41577       	2904.42
41600.3     	2884.26
41623.6     	2864.07
41646.8     	2843.86
41670.1     	2823.63
41693.3     	2803.38
41716.6     	2783.1
41739.8     	2762.79
41763.1     	2742.47
41786.3     	2722.12
41809.5     	2701.75
41832.8     	2681.36
41856       	2660.94
41879.3     	2640.5
41902.5     	2620.04
41925.7     	2599.55
41949       	2579.05
41972.2     	2558.52
41995.4     	2537.96
42018.6     	2517.39
42041.9     	2496.79
42065.1     	2476.17
42088.3     	2455.53
42111.5     	2434.86
42134.7     	2414.18
42157.9     	2393.47
42181.1     	2372.73
42204.3     	2351.98
42227.5     	2331.2
42250.7     	2310.41
42273.9     	2289.59
42297.1     	2268.74
42320.3     	2247.88
42343.5     	2226.99
42366.7     	2206.09
42389.9     	2185.16
42413       	2164.21
42436.2     	2143.23
42459.4     	2122.24
42482.5     	2101.22
42505.7     	2080.19
42528.9     	2059.13
42552       	2038.05
42575.2     	2016.95
42598.3     	1995.83
42621.5     	1974.68
42644.6     	1953.52
42667.8     	1932.34
42690.9     	1911.13
42714       	1889.9
42737.1     	1868.66
42760.3     	1847.39
42783.4     	1826.1
42806.5     	1804.8
42829.6     	1783.47
42852.7     	1762.12
42875.8     	1740.75
42898.9     	1719.36
42922       	1697.96
42945.1     	1676.53
42968.1     	1655.08
42991.2     	1633.62
43014.3     	1612.13
43037.3     	1590.63
43060.4     	1569.1
43083.4     	1547.56
43106.5     	1526
43129.5     	1504.42
43152.5     	1482.82
43175.6     	1461.2
43198.6     	1439.56
43221.6     	1417.91
43244.6     	1396.24
43267.6     	1374.55
43290.6     	1352.84
43313.6     	1331.11
43336.5     	1309.37
43359.5     	1287.61
43382.4     	1265.83
43405.4     	1244.04
43428.3     	1222.23
43451.3     	1200.4
43474.2     	1178.55
43497.1     	1156.69
43520       	1134.82
43542.9     	1112.93
43565.8     	1091.02
43588.7     	1069.1
43611.6     	1047.16
43634.4     	1025.2
43657.3     	1003.24
43680.1     	981.254
43702.9     	959.258
43725.8     	937.247
43748.6     	915.222
43771.4     	893.184
43794.1     	871.133
43816.9     	849.068
43839.7     	826.99
43862.4     	804.901
43885.1     	782.798
43907.9     	760.684
43930.6     	738.558
43953.3     	716.421
43976       	694.272
43998.6     	672.113
44021.3     	649.943
44043.9     	627.763
44066.5     	605.574
44089.1     	583.374
44111.7     	561.166
44134.3     	538.949
44156.9     	516.723
44179.4     	494.489
44201.9     	472.248
44224.5     	449.999
44246.9     	427.743
44269.4     	405.48
44291.9     	383.212
44314.3     	360.937
44336.7     	338.658
44359.1     	316.373
44381.5     	294.084
44403.8     	271.791
44426.2     	249.495
44448.5     	227.195
44470.8     	204.893
44493.1     	182.588
44515.3     	160.282
44537.5     	137.975
44559.7     	115.668
44581.9     	93.36
44604       	71.0527
44626.2     	48.7465
44648.3     	26.4419
44670.3     	4.13937
44692.4     	0
