0           	0
22.4976     	26.8116
44.9951     	53.5986
67.4927     	80.3611
89.9903     	107.099
112.488     	133.813
134.985     	160.501
157.483     	187.166
179.981     	213.806
202.478     	240.421
224.976     	267.012
247.473     	293.578
269.971     	320.12
292.468     	346.637
314.966     	373.13
337.463     	399.598
359.961     	426.042
382.459     	452.461
404.956     	478.856
427.454     	505.226
449.951     	531.571
472.449     	557.892
494.946     	584.189
517.444     	610.461
539.942     	636.708
562.439     	662.931
584.937     	689.13
607.434     	715.304
629.932     	741.453
652.429     	767.578
674.927     	793.678
697.425     	819.754
719.922     	845.805
742.42      	871.832
764.917     	897.834
787.415     	923.812
809.912     	949.765
832.41      	975.694
854.908     	1001.6
877.405     	1027.48
899.903     	1053.33
922.4       	1079.16
944.898     	1104.97
967.395     	1130.75
989.893     	1156.51
1012.39     	1182.24
1034.89     	1207.95
1057.39     	1233.63
1079.88     	1259.29
1102.38     	1284.92
1124.88     	1310.53
1147.38     	1336.12
1169.87     	1361.68
1192.37     	1387.22
1214.87     	1412.73
1237.37     	1438.22
1259.86     	1463.68
1282.36     	1489.12
1304.86     	1514.53
1327.36     	1539.92
1349.85     	1565.28
1372.35     	1590.62
1394.85     	1615.94
1417.35     	1641.23
1439.84     	1666.5
1462.34     	1691.74
1484.84     	1716.96
1507.34     	1742.15
1529.83     	1767.32
1552.33     	1792.46
1574.83     	1817.58
1597.33     	1842.68
1619.82     	1867.75
1642.32     	1892.79
1664.82     	1917.81
1687.32     	1942.81
1709.82     	1967.78
1732.31     	1992.73
1754.81     	2017.65
1777.31     	2042.55
1799.81     	2067.43
1822.3      	2092.27
1844.8      	2117.1
1867.3      	2141.9
1889.8      	2166.68
1912.29     	2191.43
1934.79     	2216.15
1957.29     	2240.86
1979.79     	2265.54
2002.28     	2290.19
2024.78     	2314.82
2047.28     	2339.42
2069.78     	2364
2092.27     	2388.56
2114.77     	2413.09
2137.27     	2437.59
2159.77     	2462.08
2182.26     	2486.53
2204.76     	2510.97
2227.26     	2535.37
2249.76     	2559.76
2272.25     	2584.12
2294.75     	2608.45
2317.25     	2632.76
2339.75     	2657.05
2362.24     	2681.31
2384.74     	2705.54
2407.24     	2729.76
2429.74     	2753.94
2452.23     	2778.11
2474.73     	2802.24
2497.23     	2826.36
2519.73     	2850.45
2542.22     	2874.51
2564.72     	2898.55
2587.22     	2922.57
2609.72     	2946.56
2632.22     	2970.53
2654.71     	2994.47
2677.21     	3018.39
2699.71     	3042.28
2722.21     	3066.15
2744.7      	3089.99
2767.2      	3113.81
2789.7      	3137.61
2812.2      	3161.38
2834.69     	3185.12
2857.19     	3208.84
2879.69     	3232.54
2902.19     	3256.21
2924.68     	3279.86
2947.18     	3303.48
2969.68     	3327.08
2992.18     	3350.66
3014.67     	3374.21
3037.17     	3397.73
3059.67     	3421.23
3082.17     	3444.71
3104.66     	3468.16
3127.16     	3491.59
3149.66     	3514.99
3172.16     	3538.37
3194.65     	3561.72
3217.15     	3585.05
3239.65     	3608.35
3262.15     	3631.63
3284.64     	3654.89
3307.14     	3678.12
3329.64     	3701.33
3352.14     	3724.51
3374.63     	3747.67
3397.13     	3770.8
3419.63     	3793.91
3442.13     	3816.99
3464.63     	3840.05
3487.12     	3863.09
3509.62     	3886.1
3532.12     	3909.08
3554.62     	3932.04
3577.11     	3954.98
3599.61     	3977.89
3622.11     	4000.78
3644.61     	4023.64
3667.1      	4046.48
3689.6      	4069.29
3712.1      	4092.08
3734.6      	4114.85
3757.09     	4137.59
3779.59     	4160.3
3802.09     	4183
3824.59     	4205.66
3847.08     	4228.31
3869.58     	4250.92
3892.08     	4273.52
3914.58     	4296.08
3937.07     	4318.63
3959.57     	4341.15
3982.07     	4363.64
4004.57     	4386.11
4027.06     	4408.56
4049.56     	4430.98
4072.06     	4453.38
4094.56     	4475.75
4117.05     	4498.1
4139.55     	4520.42
4162.05     	4542.72
4184.55     	4565
4207.04     	4587.25
4229.54     	4609.47
4252.04     	4631.67
4274.54     	4653.85
4297.04     	4676
4319.53     	4698.13
4342.03     	4720.23
4364.53     	4742.31
4387.03     	4764.36
4409.52     	4786.39
4432.02     	4808.4
4454.52     	4830.38
4477.02     	4852.33
4499.51     	4874.26
4522.01     	4896.17
4544.51     	4918.05
4567.01     	4939.91
4589.5      	4961.74
4612        	4983.55
4634.5      	5005.34
4657        	5027.09
4679.49     	5048.83
4701.99     	5070.54
4724.49     	5092.23
4746.99     	5113.89
4769.48     	5135.52
4791.98     	5157.14
4814.48     	5178.72
4836.98     	5200.29
4859.47     	5221.83
4881.97     	5243.34
4904.47     	5264.83
4926.97     	5286.29
4949.46     	5307.73
4971.96     	5329.15
4994.46     	5350.54
5016.96     	5371.91
5039.45     	5393.25
5061.95     	5414.57
5084.45     	5435.86
5106.95     	5457.13
5129.45     	5478.38
5151.94     	5499.6
5174.44     	5520.79
5196.94     	5541.96
5219.44     	5563.11
5241.93     	5584.23
5264.43     	5605.33
5286.93     	5626.4
5309.43     	5647.45
5331.92     	5668.47
5354.42     	5689.47
5376.92     	5710.45
5399.42     	5731.4
5421.91     	5752.32
5444.41     	5773.22
5466.91     	5794.1
5489.41     	5814.95
5511.9      	5835.78
5534.4      	5856.58
5556.9      	5877.36
5579.4      	5898.11
5601.89     	5918.84
5624.39     	5939.55
5646.89     	5960.23
5669.39     	5980.88
5691.88     	6001.52
5714.38     	6022.12
5736.88     	6042.7
5759.38     	6063.26
5781.87     	6083.8
5804.37     	6104.3
5826.87     	6124.79
5849.37     	6145.25
5871.86     	6165.68
5894.36     	6186.09
5916.86     	6206.48
5939.36     	6226.84
5961.86     	6247.18
5984.35     	6267.49
6006.85     	6287.78
6029.35     	6308.04
6051.85     	6328.28
6074.34     	6348.49
6096.84     	6368.68
6119.34     	6388.85
6141.84     	6408.99
6164.33     	6429.11
6186.83     	6449.2
6209.33     	6469.27
6231.83     	6489.31
6254.32     	6509.33
6276.82     	6529.32
6299.32     	6549.29
6321.82     	6569.23
6344.31     	6589.15
6366.81     	6609.05
6389.31     	6628.92
6411.81     	6648.77
6434.3      	6668.59
6456.8      	6688.39
6479.3      	6708.16
6501.8      	6727.91
6524.29     	6747.63
6546.79     	6767.33
6569.29     	6787.01
6591.79     	6806.66
6614.28     	6826.28
6636.78     	6845.88
6659.28     	6865.46
6681.78     	6885.01
6704.27     	6904.54
6726.77     	6924.04
6749.27     	6943.52
6771.77     	6962.97
6794.27     	6982.4
6816.76     	7001.81
6839.26     	7021.19
6861.76     	7040.55
6884.26     	7059.88
6906.75     	7079.18
6929.25     	7098.47
6951.75     	7117.72
6974.25     	7136.96
6996.74     	7156.17
7019.24     	7175.35
7041.74     	7194.51
7064.24     	7213.65
7086.73     	7232.76
7109.23     	7251.84
7131.73     	7270.9
7154.23     	7289.94
7176.72     	7308.95
7199.22     	7327.94
7221.72     	7346.91
7244.22     	7365.84
7266.71     	7384.76
7289.21     	7403.65
7311.71     	7422.51
7334.21     	7441.36
7356.7      	7460.17
7379.2      	7478.96
7401.7      	7497.73
7424.2      	7516.47
7446.69     	7535.19
7469.19     	7553.89
7491.69     	7572.56
7514.19     	7591.2
7536.68     	7609.82
7559.18     	7628.42
7581.68     	7646.99
7604.18     	7665.53
7626.67     	7684.06
7649.17     	7702.55
7671.67     	7721.03
7694.17     	7739.47
7716.67     	7757.9
7739.16     	7776.3
7761.66     	7794.67
7784.16     	7813.02
7806.66     	7831.35
7829.15     	7849.65
7851.65     	7867.93
7874.15     	7886.18
7896.65     	7904.41
7919.14     	7922.61
7941.64     	7940.79
7964.14     	7958.94
7986.64     	7977.07
8009.13     	7995.18
8031.63     	8013.26
8054.13     	8031.32
8076.63     	8049.35
8099.12     	8067.35
8121.62     	8085.34
8144.12     	8103.3
8166.62     	8121.23
8189.11     	8139.14
8211.61     	8157.02
8234.11     	8174.88
8256.61     	8192.72
8279.1      	8210.53
8301.6      	8228.31
8324.1      	8246.08
8346.6      	8263.81
8369.09     	8281.53
8391.59     	8299.21
8414.09     	8316.88
8436.59     	8334.52
8459.08     	8352.13
8481.58     	8369.72
8504.08     	8387.29
8526.58     	8404.83
8549.08     	8422.35
8571.57     	8439.84
8594.07     	8457.31
8616.57     	8474.75
8639.07     	8492.17
8661.56     	8509.56
8684.06     	8526.93
8706.56     	8544.28
8729.06     	8561.6
8751.55     	8578.89
8774.05     	8596.16
8796.55     	8613.41
8819.05     	8630.63
8841.54     	8647.83
8864.04     	8665
8886.54     	8682.15
8909.04     	8699.28
8931.53     	8716.38
8954.03     	8733.45
8976.53     	8750.5
8999.03     	8767.53
9021.52     	8784.53
9044.02     	8801.51
9066.52     	8818.46
9089.02     	8835.39
9111.51     	8852.29
9134.01     	8869.17
9156.51     	8886.02
9179.01     	8902.85
9201.5      	8919.66
9224        	8936.44
9246.5      	8953.2
9269        	8969.93
9291.49     	8986.63
9313.99     	9003.32
9336.49     	9019.98
9358.99     	9036.61
9381.49     	9053.22
9403.98     	9069.8
9426.48     	9086.36
9448.98     	9102.9
9471.48     	9119.41
9493.97     	9135.9
9516.47     	9152.36
9538.97     	9168.8
9561.47     	9185.21
9583.96     	9201.6
9606.46     	9217.96
9628.96     	9234.3
9651.46     	9250.62
9673.95     	9266.91
9696.45     	9283.17
9718.95     	9299.41
9741.45     	9315.63
9763.94     	9331.82
9786.44     	9347.99
9808.94     	9364.13
9831.44     	9380.25
9853.93     	9396.35
9876.43     	9412.41
9898.93     	9428.46
9921.43     	9444.48
9943.92     	9460.48
9966.42     	9476.45
9988.92     	9492.39
10011.4     	9508.32
10033.9     	9524.22
10056.4     	9540.09
10078.9     	9555.94
10101.4     	9571.76
10123.9     	9587.56
10146.4     	9603.34
10168.9     	9619.09
10191.4     	9634.81
10213.9     	9650.52
10236.4     	9666.19
10258.9     	9681.85
10281.4     	9697.47
10303.9     	9713.08
10326.4     	9728.66
10348.9     	9744.21
10371.4     	9759.74
10393.9     	9775.25
10416.4     	9790.73
10438.9     	9806.18
10461.4     	9821.62
10483.9     	9837.02
10506.4     	9852.41
10528.9     	9867.77
10551.4     	9883.1
10573.9     	9898.41
10596.4     	9913.69
10618.9     	9928.95
10641.3     	9944.19
10663.8     	9959.4
10686.3     	9974.59
10708.8     	9989.75
10731.3     	10004.9
10753.8     	10020
10776.3     	10035.1
10798.8     	10050.2
10821.3     	10065.2
10843.8     	10080.2
10866.3     	10095.2
10888.8     	10110.2
10911.3     	10125.1
10933.8     	10140
10956.3     	10154.9
10978.8     	10169.8
11001.3     	10184.6
11023.8     	10199.4
11046.3     	10214.2
11068.8     	10229
11091.3     	10243.8
11113.8     	10258.5
11136.3     	10273.2
11158.8     	10287.8
11181.3     	10302.5
11203.8     	10317.1
11226.3     	10331.7
11248.8     	10346.3
11271.3     	10360.8
11293.8     	10375.4
11316.3     	10389.9
11338.8     	10404.3
11361.3     	10418.8
11383.8     	10433.2
11406.3     	10447.6
11428.8     	10462
11451.3     	10476.3
11473.8     	10490.7
11496.3     	10505
11518.8     	10519.3
11541.3     	10533.5
11563.7     	10547.7
11586.2     	10561.9
11608.7     	10576.1
11631.2     	10590.3
11653.7     	10604.4
11676.2     	10618.5
11698.7     	10632.6
11721.2     	10646.7
11743.7     	10660.7
11766.2     	10674.7
11788.7     	10688.7
11811.2     	10702.7
11833.7     	10716.6
11856.2     	10730.5
11878.7     	10744.4
11901.2     	10758.2
11923.7     	10772.1
11946.2     	10785.9
11968.7     	10799.7
11991.2     	10813.5
12013.7     	10827.2
12036.2     	10840.9
12058.7     	10854.6
12081.2     	10868.3
12103.7     	10881.9
12126.2     	10895.5
12148.7     	10909.1
12171.2     	10922.7
12193.7     	10936.2
12216.2     	10949.7
12238.7     	10963.2
12261.2     	10976.7
12283.7     	10990.2
12306.2     	11003.6
12328.7     	11017
12351.2     	11030.3
12373.7     	11043.7
12396.2     	11057
12418.7     	11070.3
12441.2     	11083.6
12463.7     	11096.8
12486.1     	11110.1
12508.6     	11123.3
12531.1     	11136.4
12553.6     	11149.6
12576.1     	11162.7
12598.6     	11175.8
12621.1     	11188.9
12643.6     	11201.9
12666.1     	11215
12688.6     	11228
12711.1     	11241
12733.6     	11253.9
12756.1     	11266.8
12778.6     	11279.8
12801.1     	11292.6
12823.6     	11305.5
12846.1     	11318.3
12868.6     	11331.1
12891.1     	11343.9
12913.6     	11356.7
12936.1     	11369.4
12958.6     	11382.1
12981.1     	11394.8
13003.6     	11407.5
13026.1     	11420.1
13048.6     	11432.7
13071.1     	11445.3
13093.6     	11457.9
13116.1     	11470.4
13138.6     	11482.9
13161.1     	11495.4
13183.6     	11507.9
13206.1     	11520.3
13228.6     	11532.7
13251.1     	11545.1
13273.6     	11557.5
13296.1     	11569.8
13318.6     	11582.1
13341.1     	11594.4
13363.6     	11606.7
13386.1     	11618.9
13408.5     	11631.2
13431       	11643.4
13453.5     	11655.5
13476       	11667.7
13498.5     	11679.8
13521       	11691.9
13543.5     	11704
13566       	11716
13588.5     	11728
13611       	11740
13633.5     	11752
13656       	11764
13678.5     	11775.9
13701       	11787.8
13723.5     	11799.7
13746       	11811.5
13768.5     	11823.3
13791       	11835.1
13813.5     	11846.9
13836       	11858.7
13858.5     	11870.4
13881       	11882.1
13903.5     	11893.8
13926       	11905.4
13948.5     	11917.1
13971       	11928.7
13993.5     	11940.2
14016       	11951.8
14038.5     	11963.3
14061       	11974.8
14083.5     	11986.3
14106       	11997.8
14128.5     	12009.2
14151       	12020.6
14173.5     	12032
14196       	12043.4
14218.5     	12054.7
14241       	12066
14263.5     	12077.3
14286       	12088.6
14308.5     	12099.8
14330.9     	12111
14353.4     	12122.2
14375.9     	12133.4
14398.4     	12144.5
14420.9     	12155.6
14443.4     	12166.7
14465.9     	12177.8
14488.4     	12188.8
14510.9     	12199.9
14533.4     	12210.8
14555.9     	12221.8
14578.4     	12232.8
14600.9     	12243.7
14623.4     	12254.6
14645.9     	12265.4
14668.4     	12276.3
14690.9     	12287.1
14713.4     	12297.9
14735.9     	12308.7
14758.4     	12319.4
14780.9     	12330.2
14803.4     	12340.9
14825.9     	12351.5
14848.4     	12362.2
14870.9     	12372.8
14893.4     	12383.4
14915.9     	12394
14938.4     	12404.5
14960.9     	12415.1
14983.4     	12425.6
15005.9     	12436
15028.4     	12446.5
15050.9     	12456.9
15073.4     	12467.3
15095.9     	12477.7
15118.4     	12488.1
15140.9     	12498.4
15163.4     	12508.7
15185.9     	12519
15208.4     	12529.2
15230.9     	12539.5
15253.3     	12549.7
15275.8     	12559.9
15298.3     	12570
15320.8     	12580.2
15343.3     	12590.3
15365.8     	12600.3
15388.3     	12610.4
15410.8     	12620.4
15433.3     	12630.5
15455.8     	12640.4
15478.3     	12650.4
15500.8     	12660.3
15523.3     	12670.3
15545.8     	12680.1
15568.3     	12690
15590.8     	12699.9
15613.3     	12709.7
15635.8     	12719.5
15658.3     	12729.2
15680.8     	12739
15703.3     	12748.7
15725.8     	12758.4
15748.3     	12768
15770.8     	12777.7
15793.3     	12787.3
15815.8     	12796.9
15838.3     	12806.5
15860.8     	12816
15883.3     	12825.5
15905.8     	12835
15928.3     	12844.5
15950.8     	12854
15973.3     	12863.4
15995.8     	12872.8
16018.3     	12882.2
16040.8     	12891.5
16063.3     	12900.8
16085.8     	12910.1
16108.3     	12919.4
16130.8     	12928.7
16153.3     	12937.9
16175.8     	12947.1
16198.2     	12956.3
16220.7     	12965.4
16243.2     	12974.6
16265.7     	12983.7
16288.2     	12992.7
16310.7     	13001.8
16333.2     	13010.8
16355.7     	13019.8
16378.2     	13028.8
16400.7     	13037.8
16423.2     	13046.7
16445.7     	13055.6
16468.2     	13064.5
16490.7     	13073.4
16513.2     	13082.2
16535.7     	13091
16558.2     	13099.8
16580.7     	13108.5
16603.2     	13117.3
16625.7     	13126
16648.2     	13134.7
16670.7     	13143.3
16693.2     	13152
16715.7     	13160.6
16738.2     	13169.2
16760.7     	13177.8
16783.2     	13186.3
16805.7     	13194.8
16828.2     	13203.3
16850.7     	13211.8
16873.2     	13220.2
16895.7     	13228.6
16918.2     	13237
16940.7     	13245.4
16963.2     	13253.7
16985.7     	13262.1
17008.2     	13270.3
17030.7     	13278.6
17053.2     	13286.9
17075.7     	13295.1
17098.2     	13303.3
17120.6     	13311.5
17143.1     	13319.6
17165.6     	13327.7
17188.1     	13335.8
17210.6     	13343.9
17233.1     	13351.9
17255.6     	13360
17278.1     	13368
17300.6     	13376
17323.1     	13383.9
17345.6     	13391.8
17368.1     	13399.7
17390.6     	13407.6
17413.1     	13415.5
17435.6     	13423.3
17458.1     	13431.1
17480.6     	13438.9
17503.1     	13446.6
17525.6     	13454.4
17548.1     	13462.1
17570.6     	13469.8
17593.1     	13477.4
17615.6     	13485
17638.1     	13492.7
17660.6     	13500.2
17683.1     	13507.8
17705.6     	13515.3
17728.1     	13522.8
17750.6     	13530.3
17773.1     	13537.8
17795.6     	13545.2
17818.1     	13552.6
17840.6     	13560
17863.1     	13567.4
17885.6     	13574.7
17908.1     	13582
17930.6     	13589.3
17953.1     	13596.6
17975.6     	13603.8
17998.1     	13611.1
18020.6     	13618.2
18043       	13625.4
18065.5     	13632.6
18088       	13639.7
18110.5     	13646.8
18133       	13653.8
18155.5     	13660.9
18178       	13667.9
18200.5     	13674.9
18223       	13681.9
18245.5     	13688.8
18268       	13695.7
18290.5     	13702.6
18313       	13709.5
18335.5     	13716.4
18358       	13723.2
18380.5     	13730
18403       	13736.8
18425.5     	13743.5
18448       	13750.2
18470.5     	13756.9
18493       	13763.6
18515.5     	13770.3
18538       	13776.9
18560.5     	13783.5
18583       	13790.1
18605.5     	13796.6
18628       	13803.1
18650.5     	13809.7
18673       	13816.1
18695.5     	13822.6
18718       	13829
18740.5     	13835.4
18763       	13841.8
18785.5     	13848.2
18808       	13854.5
18830.5     	13860.8
18853       	13867.1
18875.5     	13873.4
18898       	13879.6
18920.5     	13885.8
18943       	13892
18965.4     	13898.1
18987.9     	13904.3
19010.4     	13910.4
19032.9     	13916.5
19055.4     	13922.5
19077.9     	13928.6
19100.4     	13934.6
19122.9     	13940.6
19145.4     	13946.6
19167.9     	13952.5
19190.4     	13958.4
19212.9     	13964.3
19235.4     	13970.2
19257.9     	13976
19280.4     	13981.8
19302.9     	13987.6
19325.4     	13993.4
19347.9     	13999.1
19370.4     	14004.9
19392.9     	14010.6
19415.4     	14016.2
19437.9     	14021.9
19460.4     	14027.5
19482.9     	14033.1
19505.4     	14038.7
19527.9     	14044.2
19550.4     	14049.7
19572.9     	14055.2
19595.4     	14060.7
19617.9     	14066.2
19640.4     	14071.6
19662.9     	14077
19685.4     	14082.4
19707.9     	14087.7
19730.4     	14093
19752.9     	14098.3
19775.4     	14103.6
19797.9     	14108.9
19820.4     	14114.1
19842.9     	14119.3
19865.4     	14124.5
19887.8     	14129.7
19910.3     	14134.8
19932.8     	14139.9
19955.3     	14145
19977.8     	14150
20000.3     	14155.1
20022.8     	14160.1
20045.3     	14165.1
20067.8     	14170
20090.3     	14175
20112.8     	14179.9
20135.3     	14184.7
20157.8     	14189.6
20180.3     	14194.4
20202.8     	14199.3
20225.3     	14204
20247.8     	14208.8
20270.3     	14213.6
20292.8     	14218.3
20315.3     	14223
20337.8     	14227.6
20360.3     	14232.3
20382.8     	14236.9
20405.3     	14241.5
20427.8     	14246
20450.3     	14250.6
20472.8     	14255.1
20495.3     	14259.6
20517.8     	14264.1
20540.3     	14268.5
20562.8     	14272.9
20585.3     	14277.3
20607.8     	14281.7
20630.3     	14286
20652.8     	14290.4
20675.3     	14294.7
20697.8     	14298.9
20720.3     	14303.2
20742.8     	14307.4
20765.3     	14311.6
20787.8     	14315.8
20810.2     	14319.9
20832.7     	14324.1
20855.2     	14328.2
20877.7     	14332.2
20900.2     	14336.3
20922.7     	14340.3
20945.2     	14344.3
20967.7     	14348.3
20990.2     	14352.3
21012.7     	14356.2
21035.2     	14360.1
21057.7     	14364
21080.2     	14367.8
21102.7     	14371.7
21125.2     	14375.5
21147.7     	14379.2
21170.2     	14383
21192.7     	14386.7
21215.2     	14390.4
21237.7     	14394.1
21260.2     	14397.8
21282.7     	14401.4
21305.2     	14405
21327.7     	14408.6
21350.2     	14412.2
21372.7     	14415.7
21395.2     	14419.2
21417.7     	14422.7
21440.2     	14426.2
21462.7     	14429.6
21485.2     	14433
21507.7     	14436.4
21530.2     	14439.8
21552.7     	14443.1
21575.2     	14446.5
21597.7     	14449.7
21620.2     	14453
21642.7     	14456.3
21665.2     	14459.5
21687.7     	14462.7
21710.2     	14465.8
21732.6     	14469
21755.1     	14472.1
21777.6     	14475.2
21800.1     	14478.3
21822.6     	14481.3
21845.1     	14484.3
21867.6     	14487.3
21890.1     	14490.3
21912.6     	14493.3
21935.1     	14496.2
21957.6     	14499.1
21980.1     	14502
22002.6     	14504.8
22025.1     	14507.6
22047.6     	14510.4
22070.1     	14513.2
22092.6     	14516
22115.1     	14518.7
22137.6     	14521.4
22160.1     	14524.1
22182.6     	14526.7
22205.1     	14529.4
22227.6     	14532
22250.1     	14534.5
22272.6     	14537.1
22295.1     	14539.6
22317.6     	14542.1
22340.1     	14544.6
22362.6     	14547.1
22385.1     	14549.5
22407.6     	14551.9
22430.1     	14554.3
22452.6     	14556.7
22475.1     	14559
22497.6     	14561.3
22520.1     	14563.6
22542.6     	14565.9
22565.1     	14568.1
22587.6     	14570.3
22610.1     	14572.5
22632.6     	14574.7
22655       	14576.8
22677.5     	14578.9
22700       	14581
22722.5     	14583.1
22745       	14585.1
22767.5     	14587.1
22790       	14589.1
22812.5     	14591.1
22835       	14593
22857.5     	14595
22880       	14596.9
22902.5     	14598.7
22925       	14600.6
22947.5     	14602.4
22970       	14604.2
22992.5     	14606
23015       	14607.7
23037.5     	14609.4
23060       	14611.1
23082.5     	14612.8
23105       	14614.4
23127.5     	14616.1
23150       	14617.7
23172.5     	14619.2
23195       	14620.8
23217.5     	14622.3
23240       	14623.8
23262.5     	14625.3
23285       	14626.8
23307.5     	14628.2
23330       	14629.6
23352.5     	14631
23375       	14632.3
23397.5     	14633.7
23420       	14635
23442.5     	14636.2
23465       	14637.5
23487.5     	14638.7
23510       	14639.9
23532.5     	14641.1
23555       	14642.3
23577.4     	14643.4
23599.9     	14644.5
23622.4     	14645.6
23644.9     	14646.7
23667.4     	14647.7
23689.9     	14648.7
23712.4     	14649.7
23734.9     	14650.7
23757.4     	14651.6
23779.9     	14652.5
23802.4     	14653.4
23824.9     	14654.3
23847.4     	14655.1
23869.9     	14655.9
23892.4     	14656.7
23914.9     	14657.5
23937.4     	14658.2
23959.9     	14658.9
23982.4     	14659.6
24004.9     	14660.3
24027.4     	14660.9
24049.9     	14661.6
24072.4     	14662.1
24094.9     	14662.7
24117.4     	14663.3
24139.9     	14663.8
24162.4     	14664.3
24184.9     	14664.8
24207.4     	14665.2
24229.9     	14665.6
24252.4     	14666
24274.9     	14666.4
24297.4     	14666.7
24319.9     	14667.1
24342.4     	14667.4
24364.9     	14667.6
24387.4     	14667.9
24409.9     	14668.1
24432.4     	14668.3
24454.9     	14668.5
24477.4     	14668.7
24499.8     	14668.8
24522.3     	14668.9
24544.8     	14669
24567.3     	14669
24589.8     	14669
24612.3     	14669.1
24634.8     	14669
24657.3     	14669
24679.8     	14668.9
24702.3     	14668.8
24724.8     	14668.7
24747.3     	14668.6
24769.8     	14668.4
24792.3     	14668.2
24814.8     	14668
24837.3     	14667.8
24859.8     	14667.5
24882.3     	14667.2
24904.8     	14666.9
24927.3     	14666.6
24949.8     	14666.2
24972.3     	14665.8
24994.8     	14665.4
25017.3     	14665
25039.8     	14664.5
25062.3     	14664
25084.8     	14663.5
25107.3     	14663
25129.8     	14662.4
25152.3     	14661.8
25174.8     	14661.2
25197.3     	14660.6
25219.8     	14659.9
25242.3     	14659.3
25264.8     	14658.6
25287.3     	14657.8
25309.8     	14657.1
25332.3     	14656.3
25354.8     	14655.5
25377.3     	14654.7
25399.8     	14653.8
25422.2     	14652.9
25444.7     	14652
25467.2     	14651.1
25489.7     	14650.1
25512.2     	14649.2
25534.7     	14648.2
25557.2     	14647.2
25579.7     	14646.1
25602.2     	14645
25624.7     	14643.9
25647.2     	14642.8
25669.7     	14641.7
25692.2     	14640.5
25714.7     	14639.3
25737.2     	14638.1
25759.7     	14636.8
25782.2     	14635.6
25804.7     	14634.3
25827.2     	14632.9
25849.7     	14631.6
25872.2     	14630.2
25894.7     	14628.8
25917.2     	14627.4
25939.7     	14626
25962.2     	14624.5
25984.7     	14623
26007.2     	14621.5
26029.7     	14620
26052.2     	14618.4
26074.7     	14616.8
26097.2     	14615.2
26119.7     	14613.6
26142.2     	14611.9
26164.7     	14610.2
26187.2     	14608.5
26209.7     	14606.8
26232.2     	14605
26254.7     	14603.2
26277.2     	14601.4
26299.7     	14599.6
26322.2     	14597.7
26344.7     	14595.8
26367.1     	14593.9
26389.6     	14592
26412.1     	14590.1
26434.6     	14588.1
26457.1     	14586.1
26479.6     	14584
26502.1     	14582
26524.6     	14579.9
26547.1     	14577.8
26569.6     	14575.7
26592.1     	14573.5
26614.6     	14571.3
26637.1     	14569.1
26659.6     	14566.9
26682.1     	14564.7
26704.6     	14562.4
26727.1     	14560.1
26749.6     	14557.8
26772.1     	14555.4
26794.6     	14553
26817.1     	14550.6
26839.6     	14548.2
26862.1     	14545.8
26884.6     	14543.3
26907.1     	14540.8
26929.6     	14538.3
26952.1     	14535.7
26974.6     	14533.2
26997.1     	14530.6
27019.6     	14528
27042.1     	14525.3
27064.6     	14522.7
27087.1     	14520
27109.6     	14517.2
27132.1     	14514.5
27154.6     	14511.7
27177.1     	14508.9
27199.6     	14506.1
27222.1     	14503.3
27244.6     	14500.4
27267.1     	14497.5
27289.5     	14494.6
27312       	14491.7
27334.5     	14488.7
27357       	14485.7
27379.5     	14482.7
27402       	14479.7
27424.5     	14476.6
27447       	14473.6
27469.5     	14470.4
27492       	14467.3
27514.5     	14464.2
27537       	14461
27559.5     	14457.8
27582       	14454.5
27604.5     	14451.3
27627       	14448
27649.5     	14444.7
27672       	14441.4
27694.5     	14438
27717       	14434.6
27739.5     	14431.2
27762       	14427.8
27784.5     	14424.3
27807       	14420.9
27829.5     	14417.4
27852       	14413.8
27874.5     	14410.3
27897       	14406.7
27919.5     	14403.1
27942       	14399.5
27964.5     	14395.8
27987       	14392.2
28009.5     	14388.5
28032       	14384.7
28054.5     	14381
28077       	14377.2
28099.5     	14373.4
28122       	14369.6
28144.5     	14365.8
28167       	14361.9
28189.5     	14358
28211.9     	14354.1
28234.4     	14350.1
28256.9     	14346.2
28279.4     	14342.2
28301.9     	14338.2
28324.4     	14334.1
28346.9     	14330.1
28369.4     	14326
28391.9     	14321.9
28414.4     	14317.7
28436.9     	14313.6
28459.4     	14309.4
28481.9     	14305.2
28504.4     	14300.9
28526.9     	14296.7
28549.4     	14292.4
28571.9     	14288.1
28594.4     	14283.7
28616.9     	14279.4
28639.4     	14275
28661.9     	14270.6
28684.4     	14266.1
28706.9     	14261.7
28729.4     	14257.2
28751.9     	14252.7
28774.4     	14248.2
28796.9     	14243.6
28819.4     	14239
28841.9     	14234.4
28864.4     	14229.8
28886.9     	14225.1
28909.4     	14220.5
28931.9     	14215.8
28954.4     	14211
28976.9     	14206.3
28999.4     	14201.5
29021.9     	14196.7
29044.4     	14191.9
29066.9     	14187
29089.4     	14182.1
29111.9     	14177.2
29134.3     	14172.3
29156.8     	14167.4
29179.3     	14162.4
29201.8     	14157.4
29224.3     	14152.4
29246.8     	14147.3
29269.3     	14142.3
29291.8     	14137.2
29314.3     	14132.1
29336.8     	14126.9
29359.3     	14121.7
29381.8     	14116.5
29404.3     	14111.3
29426.8     	14106.1
29449.3     	14100.8
29471.8     	14095.5
29494.3     	14090.2
29516.8     	14084.9
29539.3     	14079.5
29561.8     	14074.1
29584.3     	14068.7
29606.8     	14063.3
29629.3     	14057.8
29651.8     	14052.3
29674.3     	14046.8
29696.8     	14041.3
29719.3     	14035.7
29741.8     	14030.1
29764.3     	14024.5
29786.8     	14018.9
29809.3     	14013.2
29831.8     	14007.5
29854.3     	14001.8
29876.8     	13996.1
29899.3     	13990.3
29921.8     	13984.5
29944.3     	13978.7
29966.8     	13972.9
29989.3     	13967
30011.8     	13961.2
30034.3     	13955.3
30056.7     	13949.3
30079.2     	13943.4
30101.7     	13937.4
30124.2     	13931.4
30146.7     	13925.4
30169.2     	13919.3
30191.7     	13913.2
30214.2     	13907.1
30236.7     	13901
30259.2     	13894.9
30281.7     	13888.7
30304.2     	13882.5
30326.7     	13876.3
30349.2     	13870
30371.7     	13863.7
30394.2     	13857.5
30416.7     	13851.1
30439.2     	13844.8
30461.7     	13838.4
30484.2     	13832
30506.7     	13825.6
30529.2     	13819.2
30551.7     	13812.7
30574.2     	13806.2
30596.7     	13799.7
30619.2     	13793.1
30641.7     	13786.6
30664.2     	13780
30686.7     	13773.4
30709.2     	13766.7
30731.7     	13760
30754.2     	13753.4
30776.7     	13746.6
30799.2     	13739.9
30821.7     	13733.1
30844.2     	13726.4
30866.7     	13719.5
30889.2     	13712.7
30911.7     	13705.8
30934.2     	13699
30956.7     	13692.1
30979.1     	13685.1
31001.6     	13678.2
31024.1     	13671.2
31046.6     	13664.2
31069.1     	13657.1
31091.6     	13650.1
31114.1     	13643
31136.6     	13635.9
31159.1     	13628.8
31181.6     	13621.6
31204.1     	13614.4
31226.6     	13607.2
31249.1     	13600
31271.6     	13592.7
31294.1     	13585.5
31316.6     	13578.1
31339.1     	13570.8
31361.6     	13563.5
31384.1     	13556.1
31406.6     	13548.7
31429.1     	13541.3
31451.6     	13533.8
31474.1     	13526.3
31496.6     	13518.8
31519.1     	13511.3
31541.6     	13503.8
31564.1     	13496.2
31586.6     	13488.6
31609.1     	13481
31631.6     	13473.3
31654.1     	13465.7
31676.6     	13458
31699.1     	13450.3
31721.6     	13442.5
31744.1     	13434.7
31766.6     	13426.9
31789.1     	13419.1
31811.6     	13411.3
31834.1     	13403.4
31856.6     	13395.5
31879.1     	13387.6
31901.5     	13379.7
31924       	13371.7
31946.5     	13363.7
31969       	13355.7
31991.5     	13347.7
32014       	13339.6
32036.5     	13331.5
32059       	13323.4
32081.5     	13315.3
32104       	13307.1
32126.5     	13298.9
32149       	13290.7
32171.5     	13282.5
32194       	13274.2
32216.5     	13265.9
32239       	13257.6
32261.5     	13249.3
32284       	13240.9
32306.5     	13232.6
32329       	13224.1
32351.5     	13215.7
32374       	13207.3
32396.5     	13198.8
32419       	13190.3
32441.5     	13181.7
32464       	13173.2
32486.5     	13164.6
32509       	13156
32531.5     	13147.4
32554       	13138.7
32576.5     	13130.1
32599       	13121.4
32621.5     	13112.6
32644       	13103.9
32666.5     	13095.1
32689       	13086.3
32711.5     	13077.5
32734       	13068.6
32756.5     	13059.8
32779       	13050.9
32801.5     	13041.9
32823.9     	13033
32846.4     	13024
32868.9     	13015
32891.4     	13006
32913.9     	12997
32936.4     	12987.9
32958.9     	12978.8
32981.4     	12969.7
33003.9     	12960.5
33026.4     	12951.4
33048.9     	12942.2
33071.4     	12933
33093.9     	12923.7
33116.4     	12914.5
33138.9     	12905.2
33161.4     	12895.9
33183.9     	12886.5
33206.4     	12877.2
33228.9     	12867.8
33251.4     	12858.4
33273.9     	12848.9
33296.4     	12839.5
33318.9     	12830
33341.4     	12820.5
33363.9     	12810.9
33386.4     	12801.4
33408.9     	12791.8
33431.4     	12782.2
33453.9     	12772.6
33476.4     	12762.9
33498.9     	12753.2
33521.4     	12743.5
33543.9     	12733.8
33566.4     	12724
33588.9     	12714.2
33611.4     	12704.4
33633.9     	12694.6
33656.4     	12684.8
33678.9     	12674.9
33701.4     	12665
33723.9     	12655.1
33746.3     	12645.1
33768.8     	12635.1
33791.3     	12625.1
33813.8     	12615.1
33836.3     	12605.1
33858.8     	12595
33881.3     	12584.9
33903.8     	12574.8
33926.3     	12564.6
33948.8     	12554.4
33971.3     	12544.2
33993.8     	12534
34016.3     	12523.8
34038.8     	12513.5
34061.3     	12503.2
34083.8     	12492.9
34106.3     	12482.5
34128.8     	12472.2
34151.3     	12461.8
34173.8     	12451.4
34196.3     	12440.9
34218.8     	12430.5
34241.3     	12420
34263.8     	12409.5
34286.3     	12398.9
34308.8     	12388.3
34331.3     	12377.8
34353.8     	12367.1
34376.3     	12356.5
34398.8     	12345.8
34421.3     	12335.2
34443.8     	12324.4
34466.3     	12313.7
34488.8     	12302.9
34511.3     	12292.2
34533.8     	12281.4
34556.3     	12270.5
34578.8     	12259.7
34601.3     	12248.8
34623.8     	12237.9
34646.3     	12226.9
34668.7     	12216
34691.2     	12205
34713.7     	12194
34736.2     	12183
34758.7     	12171.9
34781.2     	12160.8
34803.7     	12149.7
34826.2     	12138.6
34848.7     	12127.4
34871.2     	12116.3
34893.7     	12105.1
34916.2     	12093.8
34938.7     	12082.6
34961.2     	12071.3
34983.7     	12060
35006.2     	12048.7
35028.7     	12037.3
35051.2     	12026
35073.7     	12014.6
35096.2     	12003.1
35118.7     	11991.7
35141.2     	11980.2
35163.7     	11968.7
35186.2     	11957.2
35208.7     	11945.7
35231.2     	11934.1
35253.7     	11922.5
35276.2     	11910.9
35298.7     	11899.2
35321.2     	11887.6
35343.7     	11875.9
35366.2     	11864.1
35388.7     	11852.4
35411.2     	11840.6
35433.7     	11828.8
35456.2     	11817
35478.7     	11805.2
35501.2     	11793.3
35523.7     	11781.4
35546.2     	11769.5
35568.7     	11757.6
35591.1     	11745.6
35613.6     	11733.6
35636.1     	11721.6
35658.6     	11709.6
35681.1     	11697.5
35703.6     	11685.4
35726.1     	11673.3
35748.6     	11661.2
35771.1     	11649
35793.6     	11636.9
35816.1     	11624.7
35838.6     	11612.4
35861.1     	11600.2
35883.6     	11587.9
35906.1     	11575.6
35928.6     	11563.2
35951.1     	11550.9
35973.6     	11538.5
35996.1     	11526.1
36018.6     	11513.7
36041.1     	11501.2
36063.6     	11488.7
36086.1     	11476.2
36108.6     	11463.7
36131.1     	11451.2
36153.6     	11438.6
36176.1     	11426
36198.6     	11413.4
36221.1     	11400.7
36243.6     	11388
36266.1     	11375.3
36288.6     	11362.6
36311.1     	11349.9
36333.6     	11337.1
36356.1     	11324.3
36378.6     	11311.5
36401.1     	11298.6
36423.6     	11285.8
36446.1     	11272.9
36468.6     	11260
36491.1     	11247
36513.6     	11234
36536       	11221.1
36558.5     	11208
36581       	11195
36603.5     	11181.9
36626       	11168.8
36648.5     	11155.7
36671       	11142.6
36693.5     	11129.4
36716       	11116.2
36738.5     	11103
36761       	11089.8
36783.5     	11076.5
36806       	11063.2
36828.5     	11049.9
36851       	11036.6
36873.5     	11023.2
36896       	11009.8
36918.5     	10996.4
36941       	10983
36963.5     	10969.5
36986       	10956.1
37008.5     	10942.5
37031       	10929
37053.5     	10915.5
37076       	10901.9
37098.5     	10888.3
37121       	10874.6
37143.5     	10861
37166       	10847.3
37188.5     	10833.6
37211       	10819.9
37233.5     	10806.1
37256       	10792.3
37278.5     	10778.5
37301       	10764.7
37323.5     	10750.9
37346       	10737
37368.5     	10723.1
37391       	10709.2
37413.5     	10695.2
37436       	10681.2
37458.4     	10667.2
37480.9     	10653.2
37503.4     	10639.2
37525.9     	10625.1
37548.4     	10611
37570.9     	10596.9
37593.4     	10582.7
37615.9     	10568.6
37638.4     	10554.4
37660.9     	10540.2
37683.4     	10525.9
37705.9     	10511.7
37728.4     	10497.4
37750.9     	10483
37773.4     	10468.7
37795.9     	10454.3
37818.4     	10439.9
37840.9     	10425.5
37863.4     	10411.1
37885.9     	10396.6
37908.4     	10382.1
37930.9     	10367.6
37953.4     	10353.1
37975.9     	10338.5
37998.4     	10323.9
38020.9     	10309.3
38043.4     	10294.7
38065.9     	10280
38088.4     	10265.3
38110.9     	10250.6
38133.4     	10235.9
38155.9     	10221.1
38178.4     	10206.4
38200.9     	10191.6
38223.4     	10176.7
38245.9     	10161.9
38268.4     	10147
38290.9     	10132.1
38313.4     	10117.1
38335.9     	10102.2
38358.4     	10087.2
38380.8     	10072.2
38403.3     	10057.2
38425.8     	10042.1
38448.3     	10027.1
38470.8     	10012
38493.3     	9996.83
38515.8     	9981.68
38538.3     	9966.5
38560.8     	9951.3
38583.3     	9936.08
38605.8     	9920.83
38628.3     	9905.55
38650.8     	9890.26
38673.3     	9874.93
38695.8     	9859.59
38718.3     	9844.22
38740.8     	9828.82
38763.3     	9813.4
38785.8     	9797.95
38808.3     	9782.48
38830.8     	9766.99
38853.3     	9751.47
38875.8     	9735.93
38898.3     	9720.36
38920.8     	9704.77
38943.3     	9689.15
38965.8     	9673.51
38988.3     	9657.85
39010.8     	9642.15
39033.3     	9626.44
39055.8     	9610.7
39078.3     	9594.94
39100.8     	9579.15
39123.3     	9563.34
39145.8     	9547.5
39168.3     	9531.64
39190.8     	9515.75
39213.3     	9499.84
39235.8     	9483.9
39258.3     	9467.94
39280.8     	9451.96
39303.2     	9435.95
39325.7     	9419.92
39348.2     	9403.86
39370.7     	9387.78
39393.2     	9371.67
39415.7     	9355.54
39438.2     	9339.38
39460.7     	9323.2
39483.2     	9306.99
39505.7     	9290.76
39528.2     	9274.51
39550.7     	9258.23
39573.2     	9241.93
39595.7     	9225.6
39618.2     	9209.25
39640.7     	9192.87
39663.2     	9176.47
39685.7     	9160.04
39708.2     	9143.59
39730.7     	9127.12
39753.2     	9110.62
39775.7     	9094.09
39798.2     	9077.54
39820.7     	9060.97
39843.2     	9044.37
39865.7     	9027.75
39888.2     	9011.1
39910.7     	8994.43
39933.2     	8977.74
39955.7     	8961.02
39978.2     	8944.27
40000.7     	8927.5
40023.2     	8910.71
40045.7     	8893.89
40068.2     	8877.05
40090.7     	8860.18
40113.2     	8843.29
40135.7     	8826.37
40158.2     	8809.43
40180.7     	8792.47
40203.2     	8775.48
40225.6     	8758.46
40248.1     	8741.42
40270.6     	8724.36
40293.1     	8707.27
40315.6     	8690.16
40338.1     	8673.02
40360.6     	8655.86
40383.1     	8638.67
40405.6     	8621.46
40428.1     	8604.23
40450.6     	8586.97
40473.1     	8569.68
40495.6     	8552.37
40518.1     	8535.04
40540.6     	8517.68
40563.1     	8500.3
40585.6     	8482.89
40608.1     	8465.46
40630.6     	8448
40653.1     	8430.52
40675.6     	8413.02
40698.1     	8395.49
40720.6     	8377.93
40743.1     	8360.36
40765.6     	8342.75
40788.1     	8325.12
40810.6     	8307.47
40833.1     	8289.8
40855.6     	8272.09
40878.1     	8254.37
40900.6     	8236.62
40923.1     	8218.84
40945.6     	8201.04
40968.1     	8183.22
40990.6     	8165.37
41013.1     	8147.5
41035.6     	8129.6
41058.1     	8111.68
41080.6     	8093.73
41103.1     	8075.76
41125.6     	8057.77
41148       	8039.75
41170.5     	8021.7
41193       	8003.63
41215.5     	7985.54
41238       	7967.42
41260.5     	7949.28
41283       	7931.11
41305.5     	7912.92
41328       	7894.7
41350.5     	7876.46
41373       	7858.2
41395.5     	7839.91
41418       	7821.59
41440.5     	7803.25
41463       	7784.89
41485.5     	7766.5
41508       	7748.09
41530.5     	7729.65
41553       	7711.19
41575.5     	7692.7
41598       	7674.19
41620.5     	7655.66
41643       	7637.1
41665.5     	7618.51
41688       	7599.9
41710.5     	7581.27
41733       	7562.61
41755.5     	7543.93
41778       	7525.22
41800.5     	7506.49
41823       	7487.74
41845.5     	7468.96
41868       	7450.15
41890.5     	7431.32
41913       	7412.47
41935.5     	7393.59
41958       	7374.69
41980.5     	7355.76
42003       	7336.81
42025.5     	7317.83
42048       	7298.83
42070.4     	7279.8
42092.9     	7260.75
42115.4     	7241.68
42137.9     	7222.58
42160.4     	7203.46
42182.9     	7184.31
42205.4     	7165.13
42227.9     	7145.94
42250.4     	7126.72
42272.9     	7107.47
42295.4     	7088.2
42317.9     	7068.9
42340.4     	7049.58
42362.9     	7030.24
42385.4     	7010.87
42407.9     	6991.48
42430.4     	6972.06
42452.9     	6952.61
42475.4     	6933.15
42497.9     	6913.66
42520.4     	6894.14
42542.9     	6874.6
42565.4     	6855.03
42587.9     	6835.44
42610.4     	6815.83
42632.9     	6796.19
42655.4     	6776.53
42677.9     	6756.84
42700.4     	6737.13
42722.9     	6717.39
42745.4     	6697.63
42767.9     	6677.84
42790.4     	6658.03
42812.9     	6638.2
42835.4     	6618.34
42857.9     	6598.45
42880.4     	6578.55
42902.9     	6558.61
42925.4     	6538.65
42947.9     	6518.67
42970.4     	6498.67
42992.8     	6478.63
43015.3     	6458.58
43037.8     	6438.5
43060.3     	6418.39
43082.8     	6398.26
43105.3     	6378.11
43127.8     	6357.93
43150.3     	6337.73
43172.8     	6317.5
43195.3     	6297.25
43217.8     	6276.97
43240.3     	6256.67
43262.8     	6236.35
43285.3     	6216
43307.8     	6195.62
43330.3     	6175.22
43352.8     	6154.8
43375.3     	6134.35
43397.8     	6113.88
43420.3     	6093.38
43442.8     	6072.86
43465.3     	6052.31
43487.8     	6031.74
43510.3     	6011.15
43532.8     	5990.53
43555.3     	5969.88
43577.8     	5949.22
43600.3     	5928.52
43622.8     	5907.8
43645.3     	5887.06
43667.8     	5866.29
43690.3     	5845.5
43712.8     	5824.69
43735.3     	5803.85
43757.8     	5782.98
43780.3     	5762.09
43802.8     	5741.18
43825.3     	5720.24
43847.8     	5699.28
43870.3     	5678.29
43892.8     	5657.28
43915.2     	5636.24
43937.7     	5615.18
43960.2     	5594.09
43982.7     	5572.98
44005.2     	5551.85
44027.7     	5530.69
44050.2     	5509.5
44072.7     	5488.3
44095.2     	5467.06
44117.7     	5445.81
44140.2     	5424.52
44162.7     	5403.22
44185.2     	5381.89
44207.7     	5360.53
44230.2     	5339.15
44252.7     	5317.75
44275.2     	5296.32
44297.7     	5274.86
44320.2     	5253.39
44342.7     	5231.88
44365.2     	5210.36
44387.7     	5188.8
44410.2     	5167.23
44432.7     	5145.63
44455.2     	5124
44477.7     	5102.35
44500.2     	5080.68
44522.7     	5058.98
44545.2     	5037.25
44567.7     	5015.51
44590.2     	4993.73
44612.7     	4971.94
44635.2     	4950.12
44657.7     	4928.27
44680.2     	4906.4
44702.7     	4884.5
44725.2     	4862.58
44747.7     	4840.64
44770.2     	4818.67
44792.7     	4796.68
44815.2     	4774.66
44837.6     	4752.62
44860.1     	4730.55
44882.6     	4708.46
44905.1     	4686.34
44927.6     	4664.2
44950.1     	4642.04
44972.6     	4619.85
44995.1     	4597.64
45017.6     	4575.4
45040.1     	4553.13
45062.6     	4530.85
45085.1     	4508.54
45107.6     	4486.2
45130.1     	4463.84
45152.6     	4441.45
45175.1     	4419.04
45197.6     	4396.61
45220.1     	4374.15
45242.6     	4351.66
45265.1     	4329.16
45287.6     	4306.62
45310.1     	4284.07
45332.6     	4261.48
45355.1     	4238.88
45377.6     	4216.25
45400.1     	4193.59
45422.6     	4170.91
45445.1     	4148.21
45467.6     	4125.48
45490.1     	4102.72
45512.6     	4079.95
45535.1     	4057.14
45557.6     	4034.32
45580.1     	4011.47
45602.6     	3988.59
45625.1     	3965.69
45647.6     	3942.76
45670.1     	3919.81
45692.6     	3896.84
45715.1     	3873.84
45737.6     	3850.82
45760       	3827.77
45782.5     	3804.7
45805       	3781.6
45827.5     	3758.48
45850       	3735.33
45872.5     	3712.16
45895       	3688.97
45917.5     	3665.75
45940       	3642.51
45962.5     	3619.24
45985       	3595.94
46007.5     	3572.63
46030       	3549.28
46052.5     	3525.92
46075       	3502.53
46097.5     	3479.11
46120       	3455.67
46142.5     	3432.21
46165       	3408.72
46187.5     	3385.2
46210       	3361.66
46232.5     	3338.1
46255       	3314.51
46277.5     	3290.9
46300       	3267.27
46322.5     	3243.61
46345       	3219.92
46367.5     	3196.21
46390       	3172.48
46412.5     	3148.72
46435       	3124.93
46457.5     	3101.13
46480       	3077.29
46502.5     	3053.44
46525       	3029.55
46547.5     	3005.65
46570       	2981.72
46592.5     	2957.76
46615       	2933.78
46637.5     	2909.78
46660       	2885.75
46682.5     	2861.7
46704.9     	2837.62
46727.4     	2813.52
46749.9     	2789.39
46772.4     	2765.24
46794.9     	2741.06
46817.4     	2716.86
46839.9     	2692.64
46862.4     	2668.39
46884.9     	2644.11
46907.4     	2619.81
46929.9     	2595.49
46952.4     	2571.14
46974.9     	2546.77
46997.4     	2522.37
47019.9     	2497.95
47042.4     	2473.51
47064.9     	2449.04
47087.4     	2424.54
47109.9     	2400.02
47132.4     	2375.48
47154.9     	2350.91
47177.4     	2326.32
47199.9     	2301.7
47222.4     	2277.06
47244.9     	2252.39
47267.4     	2227.7
47289.9     	2202.99
47312.4     	2178.25
47334.9     	2153.48
47357.4     	2128.69
47379.9     	2103.88
47402.4     	2079.04
47424.9     	2054.18
47447.4     	2029.29
47469.9     	2004.38
47492.4     	1979.44
47514.9     	1954.48
47537.4     	1929.5
47559.9     	1904.49
47582.4     	1879.45
47604.9     	1854.39
47627.3     	1829.31
47649.8     	1804.2
47672.3     	1779.07
47694.8     	1753.91
47717.3     	1728.73
47739.8     	1703.53
47762.3     	1678.3
47784.8     	1653.04
47807.3     	1627.76
47829.8     	1602.46
47852.3     	1577.13
47874.8     	1551.78
47897.3     	1526.4
47919.8     	1501
47942.3     	1475.57
47964.8     	1450.12
47987.3     	1424.64
48009.8     	1399.14
48032.3     	1373.62
48054.8     	1348.07
48077.3     	1322.49
48099.8     	1296.9
48122.3     	1271.27
48144.8     	1245.63
48167.3     	1219.95
48189.8     	1194.26
48212.3     	1168.54
48234.8     	1142.79
48257.3     	1117.02
48279.8     	1091.23
48302.3     	1065.41
48324.8     	1039.56
48347.3     	1013.7
48369.8     	987.802
48392.3     	961.885
48414.8     	935.944
48437.3     	909.977
48459.8     	883.987
48482.3     	857.971
48504.8     	831.931
48527.3     	805.867
48549.7     	779.778
48572.2     	753.665
48594.7     	727.527
48617.2     	701.364
48639.7     	675.177
48662.2     	648.966
48684.7     	622.73
48707.2     	596.469
48729.7     	570.184
48752.2     	543.875
48774.7     	517.541
48797.2     	491.182
48819.7     	464.799
48842.2     	438.391
48864.7     	411.959
48887.2     	385.502
48909.7     	359.021
48932.2     	332.515
48954.7     	305.985
48977.2     	279.43
48999.7     	252.851
49022.2     	226.247
49044.7     	199.618
49067.2     	172.965
49089.7     	146.288
49112.2     	119.586
49134.7     	92.8593
49157.2     	66.1083
49179.7     	39.3327
49202.2     	12.5326
49224.7     	0
