0.0000		15.0000		15.0000
0.1000		15.0381		14.9731
0.2000		15.0761		14.9466
0.3000		15.1140		14.9203
0.4000		15.1518		14.8943
0.5000		15.1895		14.8686
0.6000		15.2271		14.8432
0.7000		15.2647		14.8181
0.8000		15.3021		14.7932
0.9000		15.3394		14.7687
1.0000		15.3767		14.7444
1.1000		15.4139		14.7204
1.2000		15.4509		14.6966
1.3000		15.4879		14.6731
1.4000		15.5248		14.6499
1.5000		15.5616		14.6269
1.6000		15.5983		14.6042
1.7000		15.6350		14.5818
1.8000		15.6715		14.5596
1.9000		15.7080		14.5376
2.0000		15.7444		14.5159
2.1000		15.7807		14.4944
2.2000		15.8169		14.4732
2.3000		15.8530		14.4522
2.4000		15.8890		14.4314
2.5000		15.9250		14.4109
2.6000		15.9609		14.3905
2.7000		15.9967		14.3705
2.8000		16.0324		14.3506
2.9000		16.0680		14.3309
3.0000		16.1036		14.3115
3.1000		16.1391		14.2923
3.2000		16.1745		14.2733
3.3000		16.2098		14.2545
3.4000		16.2451		14.2359
3.5000		16.2803		14.2176
3.6000		16.3154		14.1994
3.7000		16.3504		14.1814
3.8000		16.3853		14.1636
3.9000		16.4202		14.1460
4.0000		16.4550		14.1287
4.1000		16.4897		14.1115
4.2000		16.5244		14.0945
4.3000		16.5590		14.0776
4.4000		16.5935		14.0610
4.5000		16.6279		14.0446
4.6000		16.6623		14.0283
4.7000		16.6966		14.0122
4.8000		16.7308		13.9963
4.9000		16.7650		13.9805
5.0000		16.7990		13.9650
5.1000		16.8331		13.9496
5.2000		16.8670		13.9344
5.3000		16.9009		13.9193
5.4000		16.9347		13.9044
5.5000		16.9684		13.8897
5.6000		17.0021		13.8751
5.7000		17.0357		13.8607
5.8000		17.0693		13.8465
5.9000		17.1027		13.8324
6.0000		17.1361		13.8184
6.1000		17.1695		13.8047
6.2000		17.2028		13.7910
6.3000		17.2360		13.7775
6.4000		17.2691		13.7642
6.5000		17.3022		13.7510
6.6000		17.3353		13.7380
6.7000		17.3682		13.7251
6.8000		17.4011		13.7123
6.9000		17.4340		13.6997
7.0000		17.4667		13.6872
7.1000		17.4995		13.6749
7.2000		17.5321		13.6626
7.3000		17.5647		13.6506
7.4000		17.5972		13.6386
7.5000		17.6297		13.6268
7.6000		17.6621		13.6151
7.7000		17.6945		13.6036
7.8000		17.7268		13.5921
7.9000		17.7590		13.5808
8.0000		17.7912		13.5697
8.1000		17.8233		13.5586
8.2000		17.8554		13.5477
8.3000		17.8874		13.5368
8.4000		17.9193		13.5261
8.5000		17.9512		13.5156
8.6000		17.9830		13.5051
8.7000		18.0148		13.4947
8.8000		18.0465		13.4845
8.9000		18.0782		13.4744
9.0000		18.1098		13.4644
9.1000		18.1414		13.4545
9.2000		18.1729		13.4447
9.3000		18.2043		13.4350
9.4000		18.2357		13.4254
9.5000		18.2670		13.4159
9.6000		18.2983		13.4065
9.7000		18.3295		13.3972
9.8000		18.3607		13.3881
9.9000		18.3918		13.3790
10.0000		18.4229		13.3700
10.1000		18.4539		13.3611
10.2000		18.4849		13.3524
10.3000		18.5158		13.3437
10.4000		18.5467		13.3351
10.5000		18.5775		13.3266
10.6000		18.6082		13.3182
10.7000		18.6389		13.3099
10.8000		18.6696		13.3017
10.9000		18.7002		13.2935
11.0000		18.7308		13.2855
11.1000		18.7613		13.2775
11.2000		18.7917		13.2697
11.3000		18.8221		13.2619
11.4000		18.8525		13.2542
11.5000		18.8828		13.2466
11.6000		18.9131		13.2390
11.7000		18.9433		13.2316
11.8000		18.9734		13.2242
11.9000		19.0036		13.2169
12.0000		19.0336		13.2097
12.1000		19.0637		13.2026
12.2000		19.0936		13.1956
12.3000		19.1236		13.1886
12.4000		19.1534		13.1817
12.5000		19.1833		13.1749
12.6000		19.2131		13.1681
12.7000		19.2428		13.1614
12.8000		19.2725		13.1548
12.9000		19.3021		13.1483
13.0000		19.3317		13.1419
13.1000		19.3613		13.1355
13.2000		19.3908		13.1292
13.3000		19.4203		13.1229
13.4000		19.4497		13.1167
13.5000		19.4791		13.1106
13.6000		19.5084		13.1046
13.7000		19.5377		13.0986
13.8000		19.5670		13.0927
13.9000		19.5962		13.0868
14.0000		19.6253		13.0810
14.1000		19.6545		13.0753
14.2000		19.6835		13.0696
14.3000		19.7126		13.0640
14.4000		19.7415		13.0585
14.5000		19.7705		13.0530
14.6000		19.7994		13.0476
14.7000		19.8283		13.0422
14.8000		19.8571		13.0369
14.9000		19.8858		13.0317
15.0000		19.9146		13.0265
15.1000		19.9433		13.0214
15.2000		19.9719		13.0163
15.3000		20.0005		13.0113
15.4000		20.0291		13.0063
15.5000		20.0576		13.0014
15.6000		20.0861		12.9965
15.7000		20.1146		12.9917
15.8000		20.1430		12.9870
15.9000		20.1714		12.9823
16.0000		20.1997		12.9776
16.1000		20.2280		12.9730
16.2000		20.2562		12.9685
16.3000		20.2844		12.9640
16.4000		20.3126		12.9595
16.5000		20.3407		12.9551
16.6000		20.3688		12.9508
16.7000		20.3969		12.9465
16.8000		20.4249		12.9422
16.9000		20.4529		12.9380
17.0000		20.4808		12.9338
17.1000		20.5087		12.9297
17.2000		20.5366		12.9256
17.3000		20.5644		12.9216
17.4000		20.5922		12.9176
17.5000		20.6199		12.9137
17.6000		20.6477		12.9098
17.7000		20.6753		12.9059
17.8000		20.7030		12.9021
17.9000		20.7306		12.8983
18.0000		20.7581		12.8946
18.1000		20.7857		12.8909
18.2000		20.8132		12.8872
18.3000		20.8406		12.8836
18.4000		20.8680		12.8800
18.5000		20.8954		12.8765
18.6000		20.9228		12.8730
18.7000		20.9501		12.8695
18.8000		20.9773		12.8661
18.9000		21.0046		12.8627
19.0000		21.0318		12.8594
19.1000		21.0590		12.8561
19.2000		21.0861		12.8528
19.3000		21.1132		12.8495
19.4000		21.1403		12.8463
19.5000		21.1673		12.8432
19.6000		21.1943		12.8400
19.7000		21.2212		12.8369
19.8000		21.2482		12.8339
19.9000		21.2751		12.8308
20.0000		21.3019		12.8278
20.1000		21.3288		12.8249
20.2000		21.3555		12.8219
20.3000		21.3823		12.8190
20.4000		21.4090		12.8161
20.5000		21.4357		12.8133
20.6000		21.4624		12.8105
20.7000		21.4890		12.8077
20.8000		21.5156		12.8050
20.9000		21.5421		12.8022
21.0000		21.5687		12.7996
21.1000		21.5952		12.7969
21.2000		21.6216		12.7943
21.3000		21.6481		12.7917
21.4000		21.6745		12.7891
21.5000		21.7008		12.7865
21.6000		21.7272		12.7840
21.7000		21.7535		12.7815
21.8000		21.7797		12.7791
21.9000		21.8060		12.7766
22.0000		21.8322		12.7742
22.1000		21.8583		12.7718
22.2000		21.8845		12.7695
22.3000		21.9106		12.7671
22.4000		21.9367		12.7648
22.5000		21.9627		12.7625
22.6000		21.9887		12.7603
22.7000		22.0147		12.7580
22.8000		22.0407		12.7558
22.9000		22.0666		12.7537
23.0000		22.0925		12.7515
23.1000		22.1184		12.7494
23.2000		22.1442		12.7472
23.3000		22.1700		12.7451
23.4000		22.1958		12.7431
23.5000		22.2215		12.7410
23.6000		22.2472		12.7390
23.7000		22.2729		12.7370
23.8000		22.2986		12.7350
23.9000		22.3242		12.7331
24.0000		22.3498		12.7311
24.1000		22.3754		12.7292
24.2000		22.4009		12.7273
24.3000		22.4264		12.7254
24.4000		22.4519		12.7236
24.5000		22.4774		12.7217
24.6000		22.5028		12.7199
24.7000		22.5282		12.7181
24.8000		22.5535		12.7164
24.9000		22.5789		12.7146
25.0000		22.6042		12.7129
25.1000		22.6295		12.7112
25.2000		22.6547		12.7095
25.3000		22.6799		12.7078
25.4000		22.7051		12.7061
25.5000		22.7303		12.7045
25.6000		22.7554		12.7028
25.7000		22.7805		12.7012
25.8000		22.8056		12.6996
25.9000		22.8307		12.6981
26.0000		22.8557		12.6965
26.1000		22.8807		12.6950
26.2000		22.9057		12.6934
26.3000		22.9306		12.6919
26.4000		22.9556		12.6904
26.5000		22.9805		12.6890
26.6000		23.0053		12.6875
26.7000		23.0302		12.6861
26.8000		23.0550		12.6846
26.9000		23.0798		12.6832
27.0000		23.1045		12.6818
27.1000		23.1292		12.6805
27.2000		23.1540		12.6791
27.3000		23.1786		12.6777
27.4000		23.2033		12.6764
27.5000		23.2279		12.6751
27.6000		23.2525		12.6738
27.7000		23.2771		12.6725
27.8000		23.3016		12.6712
27.9000		23.3262		12.6699
28.0000		23.3507		12.6687
28.1000		23.3751		12.6675
28.2000		23.3996		12.6662
28.3000		23.4240		12.6650
28.4000		23.4484		12.6638
28.5000		23.4728		12.6626
28.6000		23.4971		12.6615
28.7000		23.5214		12.6603
28.8000		23.5457		12.6592
28.9000		23.5700		12.6580
29.0000		23.5942		12.6569
29.1000		23.6184		12.6558
29.2000		23.6426		12.6547
29.3000		23.6668		12.6536
29.4000		23.6910		12.6525
29.5000		23.7151		12.6515
29.6000		23.7392		12.6504
29.7000		23.7632		12.6494
29.8000		23.7873		12.6484
29.9000		23.8113		12.6473
30.0000		23.8353		12.6463
30.1000		23.8593		12.6453
30.2000		23.8832		12.6444
30.3000		23.9072		12.6434
30.4000		23.9311		12.6424
30.5000		23.9549		12.6415
30.6000		23.9788		12.6405
30.7000		24.0026		12.6396
30.8000		24.0264		12.6387
30.9000		24.0502		12.6378
31.0000		24.0740		12.6369
31.1000		24.0977		12.6360
31.2000		24.1214		12.6351
31.3000		24.1451		12.6342
31.4000		24.1688		12.6334
31.5000		24.1924		12.6325
31.6000		24.2160		12.6317
31.7000		24.2396		12.6308
31.8000		24.2632		12.6300
31.9000		24.2868		12.6292
32.0000		24.3103		12.6284
32.1000		24.3338		12.6276
32.2000		24.3573		12.6268
32.3000		24.3807		12.6260
32.4000		24.4042		12.6252
32.5000		24.4276		12.6245
32.6000		24.4510		12.6237
32.7000		24.4744		12.6230
32.8000		24.4977		12.6222
32.9000		24.5210		12.6215
33.0000		24.5443		12.6208
33.1000		24.5676		12.6200
33.2000		24.5909		12.6193
33.3000		24.6141		12.6186
33.4000		24.6373		12.6179
33.5000		24.6605		12.6173
33.6000		24.6837		12.6166
33.7000		24.7068		12.6159
33.8000		24.7300		12.6152
33.9000		24.7531		12.6146
34.0000		24.7762		12.6139
34.1000		24.7992		12.6133
34.2000		24.8223		12.6127
34.3000		24.8453		12.6120
34.4000		24.8683		12.6114
34.5000		24.8913		12.6108
34.6000		24.9142		12.6102
34.7000		24.9372		12.6096
34.8000		24.9601		12.6090
34.9000		24.9830		12.6084
35.0000		25.0058		12.6078
35.1000		25.0287		12.6072
35.2000		25.0515		12.6067
35.3000		25.0743		12.6061
35.4000		25.0971		12.6056
35.5000		25.1199		12.6050
35.6000		25.1426		12.6045
35.7000		25.1654		12.6039
35.8000		25.1881		12.6034
35.9000		25.2108		12.6029
36.0000		25.2334		12.6023
36.1000		25.2561		12.6018
36.2000		25.2787		12.6013
36.3000		25.3013		12.6008
36.4000		25.3239		12.6003
36.5000		25.3465		12.5998
36.6000		25.3690		12.5993
36.7000		25.3915		12.5988
36.8000		25.4140		12.5984
36.9000		25.4365		12.5979
37.0000		25.4590		12.5974
37.1000		25.4814		12.5970
37.2000		25.5039		12.5965
37.3000		25.5263		12.5961
37.4000		25.5486		12.5956
37.5000		25.5710		12.5952
37.6000		25.5934		12.5947
37.7000		25.6157		12.5943
37.8000		25.6380		12.5939
37.9000		25.6603		12.5934
38.0000		25.6825		12.5930
38.1000		25.7048		12.5926
38.2000		25.7270		12.5922
38.3000		25.7492		12.5918
38.4000		25.7714		12.5914
38.5000		25.7936		12.5910
38.6000		25.8158		12.5906
38.7000		25.8379		12.5902
38.8000		25.8600		12.5898
38.9000		25.8821		12.5895
39.0000		25.9042		12.5891
39.1000		25.9262		12.5887
39.2000		25.9483		12.5883
39.3000		25.9703		12.5880
39.4000		25.9923		12.5876
39.5000		26.0143		12.5873
39.6000		26.0363		12.5869
39.7000		26.0582		12.5866
39.8000		26.0801		12.5862
39.9000		26.1020		12.5859
40.0000		26.1239		12.5855
40.1000		26.1458		12.5852
40.2000		26.1677		12.5849
40.3000		26.1895		12.5845
40.4000		26.2113		12.5842
40.5000		26.2331		12.5839
40.6000		26.2549		12.5836
40.7000		26.2767		12.5833
40.8000		26.2984		12.5830
40.9000		26.3201		12.5827
41.0000		26.3419		12.5824
41.1000		26.3636		12.5821
41.2000		26.3852		12.5818
41.3000		26.4069		12.5815
41.4000		26.4285		12.5812
41.5000		26.4501		12.5809
41.6000		26.4717		12.5806
41.7000		26.4933		12.5803
41.8000		26.5149		12.5801
41.9000		26.5365		12.5798
42.0000		26.5580		12.5795
42.1000		26.5795		12.5792
42.2000		26.6010		12.5790
42.3000		26.6225		12.5787
42.4000		26.6439		12.5785
42.5000		26.6654		12.5782
42.6000		26.6868		12.5780
42.7000		26.7082		12.5777
42.8000		26.7296		12.5775
42.9000		26.7510		12.5772
43.0000		26.7724		12.5770
43.1000		26.7937		12.5767
43.2000		26.8150		12.5765
43.3000		26.8364		12.5763
43.4000		26.8576		12.5760
43.5000		26.8789		12.5758
43.6000		26.9002		12.5756
43.7000		26.9214		12.5753
43.8000		26.9426		12.5751
43.9000		26.9639		12.5749
44.0000		26.9851		12.5747
44.1000		27.0062		12.5745
44.2000		27.0274		12.5743
44.3000		27.0485		12.5740
44.4000		27.0697		12.5738
44.5000		27.0908		12.5736
44.6000		27.1119		12.5734
44.7000		27.1329		12.5732
44.8000		27.1540		12.5730
44.9000		27.1750		12.5728
45.0000		27.1961		12.5726
45.1000		27.2171		12.5724
45.2000		27.2381		12.5722
45.3000		27.2591		12.5721
45.4000		27.2800		12.5719
45.5000		27.3010		12.5717
45.6000		27.3219		12.5715
45.7000		27.3428		12.5713
45.8000		27.3637		12.5711
45.9000		27.3846		12.5710
46.0000		27.4055		12.5708
46.1000		27.4263		12.5706
46.2000		27.4471		12.5705
46.3000		27.4680		12.5703
46.4000		27.4888		12.5701
46.5000		27.5096		12.5700
46.6000		27.5303		12.5698
46.7000		27.5511		12.5696
46.8000		27.5718		12.5695
46.9000		27.5925		12.5693
47.0000		27.6133		12.5691
47.1000		27.6339		12.5690
47.2000		27.6546		12.5688
47.3000		27.6753		12.5687
47.4000		27.6959		12.5685
47.5000		27.7166		12.5684
47.6000		27.7372		12.5682
47.7000		27.7578		12.5681
47.8000		27.7784		12.5680
47.9000		27.7989		12.5678
48.0000		27.8195		12.5677
48.1000		27.8400		12.5675
48.2000		27.8606		12.5674
48.3000		27.8811		12.5673
48.4000		27.9016		12.5671
48.5000		27.9221		12.5670
48.6000		27.9425		12.5669
48.7000		27.9630		12.5667
48.8000		27.9834		12.5666
48.9000		28.0038		12.5665
49.0000		28.0242		12.5664
49.1000		28.0446		12.5662
49.2000		28.0650		12.5661
49.3000		28.0854		12.5660
49.4000		28.1057		12.5659
49.5000		28.1260		12.5657
49.6000		28.1464		12.5656
49.7000		28.1667		12.5655
49.8000		28.1869		12.5654
49.9000		28.2072		12.5653
50.0000		28.2275		12.5652
50.1000		28.2477		12.5651
50.2000		28.2679		12.5649
50.3000		28.2882		12.5648
50.4000		28.3084		12.5647
50.5000		28.3285		12.5646
50.6000		28.3487		12.5645
50.7000		28.3689		12.5644
50.8000		28.3890		12.5643
50.9000		28.4091		12.5642
51.0000		28.4293		12.5641
51.1000		28.4494		12.5640
51.2000		28.4694		12.5639
51.3000		28.4895		12.5638
51.4000		28.5096		12.5637
51.5000		28.5296		12.5636
51.6000		28.5496		12.5635
51.7000		28.5697		12.5634
51.8000		28.5897		12.5633
51.9000		28.6097		12.5632
52.0000		28.6296		12.5631
52.1000		28.6496		12.5631
52.2000		28.6695		12.5630
52.3000		28.6895		12.5629
52.4000		28.7094		12.5628
52.5000		28.7293		12.5627
52.6000		28.7492		12.5626
52.7000		28.7690		12.5625
52.8000		28.7889		12.5625
52.9000		28.8088		12.5624
53.0000		28.8286		12.5623
53.1000		28.8484		12.5622
53.2000		28.8682		12.5621
53.3000		28.8880		12.5621
53.4000		28.9078		12.5620
53.5000		28.9276		12.5619
53.6000		28.9473		12.5618
53.7000		28.9671		12.5617
53.8000		28.9868		12.5617
53.9000		29.0065		12.5616
54.0000		29.0262		12.5615
54.1000		29.0459		12.5615
54.2000		29.0656		12.5614
54.3000		29.0852		12.5613
54.4000		29.1049		12.5612
54.5000		29.1245		12.5612
54.6000		29.1441		12.5611
54.7000		29.1637		12.5610
54.8000		29.1833		12.5610
54.9000		29.2029		12.5609
55.0000		29.2225		12.5608
55.1000		29.2420		12.5608
55.2000		29.2616		12.5607
55.3000		29.2811		12.5607
55.4000		29.3006		12.5606
55.5000		29.3201		12.5605
55.6000		29.3396		12.5605
55.7000		29.3591		12.5604
55.8000		29.3785		12.5603
55.9000		29.3980		12.5603
56.0000		29.4174		12.5602
56.1000		29.4369		12.5602
56.2000		29.4563		12.5601
56.3000		29.4757		12.5601
56.4000		29.4951		12.5600
56.5000		29.5144		12.5599
56.6000		29.5338		12.5599
56.7000		29.5531		12.5598
56.8000		29.5725		12.5598
56.9000		29.5918		12.5597
57.0000		29.6111		12.5597
57.1000		29.6304		12.5596
57.2000		29.6497		12.5596
57.3000		29.6690		12.5595
57.4000		29.6882		12.5595
57.5000		29.7075		12.5594
57.6000		29.7267		12.5594
57.7000		29.7459		12.5593
57.8000		29.7651		12.5593
57.9000		29.7843		12.5592
58.0000		29.8035		12.5592
58.1000		29.8227		12.5591
58.2000		29.8419		12.5591
58.3000		29.8610		12.5590
58.4000		29.8801		12.5590
58.5000		29.8993		12.5590
58.6000		29.9184		12.5589
58.7000		29.9375		12.5589
58.8000		29.9566		12.5588
58.9000		29.9756		12.5588
59.0000		29.9947		12.5587
59.1000		30.0138		12.5587
59.2000		30.0328		12.5587
59.3000		30.0518		12.5586
59.4000		30.0708		12.5586
59.5000		30.0898		12.5585
59.6000		30.1088		12.5585
59.7000		30.1278		12.5585
59.8000		30.1468		12.5584
59.9000		30.1657		12.5584
60.0000		30.1847		12.5583
60.1000		30.2036		12.5583
60.2000		30.2225		12.5583
60.3000		30.2414		12.5582
60.4000		30.2603		12.5582
60.5000		30.2792		12.5582
60.6000		30.2981		12.5581
60.7000		30.3169		12.5581
60.8000		30.3358		12.5581
60.9000		30.3546		12.5580
61.0000		30.3734		12.5580
61.1000		30.3923		12.5580
61.2000		30.4111		12.5579
61.3000		30.4299		12.5579
61.4000		30.4486		12.5579
61.5000		30.4674		12.5578
61.6000		30.4862		12.5578
61.7000		30.5049		12.5578
61.8000		30.5236		12.5577
61.9000		30.5424		12.5577
62.0000		30.5611		12.5577
62.1000		30.5798		12.5576
62.2000		30.5984		12.5576
62.3000		30.6171		12.5576
62.4000		30.6358		12.5575
62.5000		30.6544		12.5575
62.6000		30.6731		12.5575
62.7000		30.6917		12.5575
62.8000		30.7103		12.5574
62.9000		30.7289		12.5574
63.0000		30.7475		12.5574
63.1000		30.7661		12.5574
63.2000		30.7847		12.5573
63.3000		30.8032		12.5573
63.4000		30.8218		12.5573
63.5000		30.8403		12.5572
63.6000		30.8589		12.5572
63.7000		30.8774		12.5572
63.8000		30.8959		12.5572
63.9000		30.9144		12.5571
64.0000		30.9329		12.5571
64.1000		30.9513		12.5571
64.2000		30.9698		12.5571
64.3000		30.9883		12.5571
64.4000		31.0067		12.5570
64.5000		31.0251		12.5570
64.6000		31.0435		12.5570
64.7000		31.0620		12.5570
64.8000		31.0803		12.5569
64.9000		31.0987		12.5569
65.0000		31.1171		12.5569
65.1000		31.1355		12.5569
65.2000		31.1538		12.5568
65.3000		31.1722		12.5568
65.4000		31.1905		12.5568
65.5000		31.2088		12.5568
65.6000		31.2271		12.5568
65.7000		31.2454		12.5567
65.8000		31.2637		12.5567
65.9000		31.2820		12.5567
66.0000		31.3003		12.5567
66.1000		31.3185		12.5567
66.2000		31.3368		12.5566
66.3000		31.3550		12.5566
66.4000		31.3732		12.5566
66.5000		31.3914		12.5566
66.6000		31.4096		12.5566
66.7000		31.4278		12.5566
66.8000		31.4460		12.5565
66.9000		31.4642		12.5565
67.0000		31.4823		12.5565
67.1000		31.5005		12.5565
67.2000		31.5186		12.5565
67.3000		31.5368		12.5564
67.4000		31.5549		12.5564
67.5000		31.5730		12.5564
67.6000		31.5911		12.5564
67.7000		31.6092		12.5564
67.8000		31.6273		12.5564
67.9000		31.6453		12.5564
68.0000		31.6634		12.5563
68.1000		31.6814		12.5563
68.2000		31.6995		12.5563
68.3000		31.7175		12.5563
68.4000		31.7355		12.5563
68.5000		31.7535		12.5563
68.6000		31.7715		12.5562
68.7000		31.7895		12.5562
68.8000		31.8075		12.5562
68.9000		31.8254		12.5562
69.0000		31.8434		12.5562
69.1000		31.8613		12.5562
69.2000		31.8793		12.5562
69.3000		31.8972		12.5561
69.4000		31.9151		12.5561
69.5000		31.9330		12.5561
69.6000		31.9509		12.5561
69.7000		31.9688		12.5561
69.8000		31.9867		12.5561
69.9000		32.0045		12.5561
70.0000		32.0224		12.5561
70.1000		32.0402		12.5560
70.2000		32.0581		12.5560
70.3000		32.0759		12.5560
70.4000		32.0937		12.5560
70.5000		32.1115		12.5560
70.6000		32.1293		12.5560
70.7000		32.1471		12.5560
70.8000		32.1649		12.5560
70.9000		32.1826		12.5559
71.0000		32.2004		12.5559
71.1000		32.2181		12.5559
71.2000		32.2359		12.5559
71.3000		32.2536		12.5559
71.4000		32.2713		12.5559
71.5000		32.2890		12.5559
71.6000		32.3067		12.5559
71.7000		32.3244		12.5559
71.8000		32.3421		12.5558
71.9000		32.3598		12.5558
72.0000		32.3774		12.5558
72.1000		32.3951		12.5558
72.2000		32.4127		12.5558
72.3000		32.4303		12.5558
72.4000		32.4480		12.5558
72.5000		32.4656		12.5558
72.6000		32.4832		12.5558
72.7000		32.5008		12.5558
72.8000		32.5183		12.5557
72.9000		32.5359		12.5557
73.0000		32.5535		12.5557
73.1000		32.5710		12.5557
73.2000		32.5886		12.5557
73.3000		32.6061		12.5557
73.4000		32.6236		12.5557
73.5000		32.6411		12.5557
73.6000		32.6587		12.5557
73.7000		32.6762		12.5557
73.8000		32.6936		12.5557
73.9000		32.7111		12.5557
74.0000		32.7286		12.5556
74.1000		32.7460		12.5556
74.2000		32.7635		12.5556
74.3000		32.7809		12.5556
74.4000		32.7984		12.5556
74.5000		32.8158		12.5556
74.6000		32.8332		12.5556
74.7000		32.8506		12.5556
74.8000		32.8680		12.5556
74.9000		32.8854		12.5556
75.0000		32.9028		12.5556
75.1000		32.9201		12.5556
75.2000		32.9375		12.5556
75.3000		32.9548		12.5555
75.4000		32.9722		12.5555
75.5000		32.9895		12.5555
75.6000		33.0068		12.5555
75.7000		33.0241		12.5555
75.8000		33.0414		12.5555
75.9000		33.0587		12.5555
76.0000		33.0760		12.5555
76.1000		33.0933		12.5555
76.2000		33.1106		12.5555
76.3000		33.1278		12.5555
76.4000		33.1451		12.5555
76.5000		33.1623		12.5555
76.6000		33.1795		12.5555
76.7000		33.1968		12.5555
76.8000		33.2140		12.5554
76.9000		33.2312		12.5554
77.0000		33.2484		12.5554
77.1000		33.2656		12.5554
77.2000		33.2827		12.5554
77.3000		33.2999		12.5554
77.4000		33.3171		12.5554
77.5000		33.3342		12.5554
77.6000		33.3514		12.5554
77.7000		33.3685		12.5554
77.8000		33.3856		12.5554
77.9000		33.4027		12.5554
78.0000		33.4199		12.5554
78.1000		33.4370		12.5554
78.2000		33.4540		12.5554
78.3000		33.4711		12.5554
78.4000		33.4882		12.5554
78.5000		33.5053		12.5554
78.6000		33.5223		12.5554
78.7000		33.5394		12.5553
78.8000		33.5564		12.5553
78.9000		33.5734		12.5553
79.0000		33.5904		12.5553
79.1000		33.6075		12.5553
79.2000		33.6245		12.5553
79.3000		33.6415		12.5553
79.4000		33.6584		12.5553
79.5000		33.6754		12.5553
79.6000		33.6924		12.5553
79.7000		33.7093		12.5553
79.8000		33.7263		12.5553
79.9000		33.7432		12.5553
80.0000		33.7602		12.5553
80.1000		33.7771		12.5553
80.2000		33.7940		12.5553
80.3000		33.8109		12.5553
80.4000		33.8278		12.5553
80.5000		33.8447		12.5553
80.6000		33.8616		12.5553
80.7000		33.8785		12.5553
80.8000		33.8953		12.5553
80.9000		33.9122		12.5553
81.0000		33.9291		12.5552
81.1000		33.9459		12.5552
81.2000		33.9627		12.5552
81.3000		33.9796		12.5552
81.4000		33.9964		12.5552
81.5000		34.0132		12.5552
81.6000		34.0300		12.5552
81.7000		34.0468		12.5552
81.8000		34.0636		12.5552
81.9000		34.0803		12.5552
82.0000		34.0971		12.5552
82.1000		34.1139		12.5552
82.2000		34.1306		12.5552
82.3000		34.1474		12.5552
82.4000		34.1641		12.5552
82.5000		34.1808		12.5552
82.6000		34.1975		12.5552
82.7000		34.2142		12.5552
82.8000		34.2309		12.5552
82.9000		34.2476		12.5552
83.0000		34.2643		12.5552
83.1000		34.2810		12.5552
83.2000		34.2977		12.5552
83.3000		34.3143		12.5552
83.4000		34.3310		12.5552
83.5000		34.3476		12.5552
83.6000		34.3643		12.5552
83.7000		34.3809		12.5552
83.8000		34.3975		12.5552
83.9000		34.4141		12.5552
84.0000		34.4307		12.5552
84.1000		34.4473		12.5551
84.2000		34.4639		12.5551
84.3000		34.4805		12.5551
84.4000		34.4971		12.5551
84.5000		34.5136		12.5551
84.6000		34.5302		12.5551
84.7000		34.5467		12.5551
84.8000		34.5633		12.5551
84.9000		34.5798		12.5551
85.0000		34.5963		12.5551
85.1000		34.6129		12.5551
85.2000		34.6294		12.5551
85.3000		34.6459		12.5551
85.4000		34.6624		12.5551
85.5000		34.6788		12.5551
85.6000		34.6953		12.5551
85.7000		34.7118		12.5551
85.8000		34.7283		12.5551
85.9000		34.7447		12.5551
86.0000		34.7612		12.5551
86.1000		34.7776		12.5551
86.2000		34.7940		12.5551
86.3000		34.8104		12.5551
86.4000		34.8269		12.5551
86.5000		34.8433		12.5551
86.6000		34.8597		12.5551
86.7000		34.8761		12.5551
86.8000		34.8924		12.5551
86.9000		34.9088		12.5551
87.0000		34.9252		12.5551
87.1000		34.9416		12.5551
87.2000		34.9579		12.5551
87.3000		34.9743		12.5551
87.4000		34.9906		12.5551
87.5000		35.0069		12.5551
87.6000		35.0232		12.5551
87.7000		35.0396		12.5551
87.8000		35.0559		12.5551
87.9000		35.0722		12.5551
88.0000		35.0885		12.5551
88.1000		35.1047		12.5551
88.2000		35.1210		12.5551
88.3000		35.1373		12.5551
88.4000		35.1536		12.5551
88.5000		35.1698		12.5551
88.6000		35.1861		12.5551
88.7000		35.2023		12.5551
88.8000		35.2185		12.5550
88.9000		35.2348		12.5550
89.0000		35.2510		12.5550
89.1000		35.2672		12.5550
89.2000		35.2834		12.5550
89.3000		35.2996		12.5550
89.4000		35.3158		12.5550
89.5000		35.3320		12.5550
89.6000		35.3481		12.5550
89.7000		35.3643		12.5550
89.8000		35.3805		12.5550
89.9000		35.3966		12.5550
90.0000		35.4127		12.5550
90.1000		35.4289		12.5550
90.2000		35.4450		12.5550
90.3000		35.4611		12.5550
90.4000		35.4772		12.5550
90.5000		35.4934		12.5550
90.6000		35.5095		12.5550
90.7000		35.5255		12.5550
90.8000		35.5416		12.5550
90.9000		35.5577		12.5550
91.0000		35.5738		12.5550
91.1000		35.5898		12.5550
91.2000		35.6059		12.5550
91.3000		35.6219		12.5550
91.4000		35.6380		12.5550
91.5000		35.6540		12.5550
91.6000		35.6700		12.5550
91.7000		35.6861		12.5550
91.8000		35.7021		12.5550
91.9000		35.7181		12.5550
92.0000		35.7341		12.5550
92.1000		35.7501		12.5550
92.2000		35.7661		12.5550
92.3000		35.7820		12.5550
92.4000		35.7980		12.5550
92.5000		35.8140		12.5550
92.6000		35.8299		12.5550
92.7000		35.8459		12.5550
92.8000		35.8618		12.5550
92.9000		35.8777		12.5550
93.0000		35.8937		12.5550
93.1000		35.9096		12.5550
93.2000		35.9255		12.5550
93.3000		35.9414		12.5550
93.4000		35.9573		12.5550
93.5000		35.9732		12.5550
93.6000		35.9891		12.5550
93.7000		36.0050		12.5550
93.8000		36.0208		12.5550
93.9000		36.0367		12.5550
94.0000		36.0526		12.5550
94.1000		36.0684		12.5550
94.2000		36.0843		12.5550
94.3000		36.1001		12.5550
94.4000		36.1159		12.5550
94.5000		36.1317		12.5550
94.6000		36.1476		12.5550
94.7000		36.1634		12.5550
94.8000		36.1792		12.5550
94.9000		36.1950		12.5550
95.0000		36.2107		12.5550
95.1000		36.2265		12.5550
95.2000		36.2423		12.5550
95.3000		36.2581		12.5550
95.4000		36.2738		12.5550
95.5000		36.2896		12.5550
95.6000		36.3053		12.5550
95.7000		36.3211		12.5550
95.8000		36.3368		12.5550
95.9000		36.3525		12.5550
96.0000		36.3682		12.5550
96.1000		36.3840		12.5550
96.2000		36.3997		12.5550
96.3000		36.4154		12.5550
96.4000		36.4311		12.5550
96.5000		36.4467		12.5550
96.6000		36.4624		12.5550
96.7000		36.4781		12.5550
96.8000		36.4938		12.5550
96.9000		36.5094		12.5550
97.0000		36.5251		12.5550
97.1000		36.5407		12.5550
97.2000		36.5563		12.5550
97.3000		36.5720		12.5550
97.4000		36.5876		12.5550
97.5000		36.6032		12.5550
97.6000		36.6188		12.5550
97.7000		36.6344		12.5550
97.8000		36.6500		12.5550
97.9000		36.6656		12.5550
98.0000		36.6812		12.5550
98.1000		36.6968		12.5550
98.2000		36.7124		12.5550
98.3000		36.7279		12.5550
98.4000		36.7435		12.5550
98.5000		36.7590		12.5550
98.6000		36.7746		12.5550
98.7000		36.7901		12.5550
98.8000		36.8057		12.5550
98.9000		36.8212		12.5550
99.0000		36.8367		12.5550
99.1000		36.8522		12.5549
99.2000		36.8677		12.5549
99.3000		36.8832		12.5549
99.4000		36.8987		12.5549
99.5000		36.9142		12.5549
99.6000		36.9297		12.5549
99.7000		36.9451		12.5549
99.8000		36.9606		12.5549
99.9000		36.9761		12.5549
100.0000		36.9915		12.5549
100.1000		37.0070		12.5549
100.2000		37.0224		12.5549
100.3000		37.0379		12.5549
100.4000		37.0533		12.5549
100.5000		37.0687		12.5549
100.6000		37.0841		12.5549
100.7000		37.0995		12.5549
100.8000		37.1149		12.5549
100.9000		37.1303		12.5549
101.0000		37.1457		12.5549
101.1000		37.1611		12.5549
101.2000		37.1765		12.5549
101.3000		37.1918		12.5549
101.4000		37.2072		12.5549
101.5000		37.2226		12.5549
101.6000		37.2379		12.5549
101.7000		37.2533		12.5549
101.8000		37.2686		12.5549
101.9000		37.2839		12.5549
102.0000		37.2993		12.5549
102.1000		37.3146		12.5549
102.2000		37.3299		12.5549
102.3000		37.3452		12.5549
102.4000		37.3605		12.5549
102.5000		37.3758		12.5549
102.6000		37.3911		12.5549
102.7000		37.4064		12.5549
102.8000		37.4216		12.5549
102.9000		37.4369		12.5549
103.0000		37.4522		12.5549
103.1000		37.4674		12.5549
103.2000		37.4827		12.5549
103.3000		37.4979		12.5549
103.4000		37.5132		12.5549
103.5000		37.5284		12.5549
103.6000		37.5436		12.5549
103.7000		37.5589		12.5549
103.8000		37.5741		12.5549
103.9000		37.5893		12.5549
104.0000		37.6045		12.5549
104.1000		37.6197		12.5549
104.2000		37.6349		12.5549
104.3000		37.6500		12.5549
104.4000		37.6652		12.5549
104.5000		37.6804		12.5549
104.6000		37.6956		12.5549
104.7000		37.7107		12.5549
104.8000		37.7259		12.5549
104.9000		37.7410		12.5549
105.0000		37.7562		12.5549
105.1000		37.7713		12.5549
105.2000		37.7864		12.5549
105.3000		37.8015		12.5549
105.4000		37.8167		12.5549
105.5000		37.8318		12.5549
105.6000		37.8469		12.5549
105.7000		37.8620		12.5549
105.8000		37.8771		12.5549
105.9000		37.8922		12.5549
106.0000		37.9072		12.5549
106.1000		37.9223		12.5549
106.2000		37.9374		12.5549
106.3000		37.9524		12.5549
106.4000		37.9675		12.5549
106.5000		37.9825		12.5549
106.6000		37.9976		12.5549
106.7000		38.0126		12.5549
106.8000		38.0277		12.5549
106.9000		38.0427		12.5549
107.0000		38.0577		12.5549
107.1000		38.0727		12.5549
107.2000		38.0877		12.5549
107.3000		38.1027		12.5549
107.4000		38.1177		12.5549
107.5000		38.1327		12.5549
107.6000		38.1477		12.5549
107.7000		38.1627		12.5549
107.8000		38.1777		12.5549
107.9000		38.1926		12.5549
108.0000		38.2076		12.5549
108.1000		38.2226		12.5549
108.2000		38.2375		12.5549
108.3000		38.2524		12.5549
108.4000		38.2674		12.5549
108.5000		38.2823		12.5549
108.6000		38.2972		12.5549
108.7000		38.3122		12.5549
108.8000		38.3271		12.5549
108.9000		38.3420		12.5549
109.0000		38.3569		12.5549
109.1000		38.3718		12.5549
109.2000		38.3867		12.5549
109.3000		38.4016		12.5549
109.4000		38.4164		12.5549
109.5000		38.4313		12.5549
109.6000		38.4462		12.5549
109.7000		38.4611		12.5549
109.8000		38.4759		12.5549
109.9000		38.4908		12.5549
110.0000		38.5056		12.5549
110.1000		38.5204		12.5549
110.2000		38.5353		12.5549
110.3000		38.5501		12.5549
110.4000		38.5649		12.5549
110.5000		38.5798		12.5549
110.6000		38.5946		12.5549
110.7000		38.6094		12.5549
110.8000		38.6242		12.5549
110.9000		38.6390		12.5549
111.0000		38.6538		12.5549
111.1000		38.6685		12.5549
111.2000		38.6833		12.5549
111.3000		38.6981		12.5549
111.4000		38.7129		12.5549
111.5000		38.7276		12.5549
111.6000		38.7424		12.5549
111.7000		38.7571		12.5549
111.8000		38.7719		12.5549
111.9000		38.7866		12.5549
112.0000		38.8013		12.5549
112.1000		38.8161		12.5549
112.2000		38.8308		12.5549
112.3000		38.8455		12.5549
112.4000		38.8602		12.5549
112.5000		38.8749		12.5549
112.6000		38.8896		12.5549
112.7000		38.9043		12.5549
112.8000		38.9190		12.5549
112.9000		38.9337		12.5549
113.0000		38.9484		12.5549
113.1000		38.9630		12.5549
113.2000		38.9777		12.5549
113.3000		38.9923		12.5549
113.4000		39.0070		12.5549
113.5000		39.0217		12.5549
113.6000		39.0363		12.5549
113.7000		39.0509		12.5549
113.8000		39.0656		12.5549
113.9000		39.0802		12.5549
114.0000		39.0948		12.5549
114.1000		39.1094		12.5549
114.2000		39.1240		12.5549
114.3000		39.1387		12.5549
114.4000		39.1533		12.5549
114.5000		39.1678		12.5549
114.6000		39.1824		12.5549
114.7000		39.1970		12.5549
114.8000		39.2116		12.5549
114.9000		39.2262		12.5549
115.0000		39.2407		12.5549
115.1000		39.2553		12.5549
115.2000		39.2699		12.5549
115.3000		39.2844		12.5549
115.4000		39.2990		12.5549
115.5000		39.3135		12.5549
115.6000		39.3280		12.5549
115.7000		39.3426		12.5549
115.8000		39.3571		12.5549
115.9000		39.3716		12.5549
116.0000		39.3861		12.5549
116.1000		39.4006		12.5549
116.2000		39.4151		12.5549
116.3000		39.4296		12.5549
116.4000		39.4441		12.5549
116.5000		39.4586		12.5549
116.6000		39.4731		12.5549
116.7000		39.4876		12.5549
116.8000		39.5020		12.5549
116.9000		39.5165		12.5549
117.0000		39.5310		12.5549
117.1000		39.5454		12.5549
117.2000		39.5599		12.5549
117.3000		39.5743		12.5549
117.4000		39.5888		12.5549
117.5000		39.6032		12.5549
117.6000		39.6176		12.5549
117.7000		39.6320		12.5549
117.8000		39.6465		12.5549
117.9000		39.6609		12.5549
118.0000		39.6753		12.5549
118.1000		39.6897		12.5549
118.2000		39.7041		12.5549
118.3000		39.7185		12.5549
118.4000		39.7329		12.5549
118.5000		39.7472		12.5549
118.6000		39.7616		12.5549
118.7000		39.7760		12.5549
118.8000		39.7904		12.5549
118.9000		39.8047		12.5549
119.0000		39.8191		12.5549
119.1000		39.8334		12.5549
119.2000		39.8478		12.5549
119.3000		39.8621		12.5549
119.4000		39.8764		12.5549
119.5000		39.8908		12.5549
119.6000		39.9051		12.5549
119.7000		39.9194		12.5549
119.8000		39.9337		12.5549
119.9000		39.9480		12.5549
120.0000		39.9623		12.5549
120.1000		39.9766		12.5549
120.2000		39.9909		12.5549
120.3000		40.0052		12.5549
120.4000		40.0195		12.5549
120.5000		40.0338		12.5549
120.6000		40.0481		12.5549
120.7000		40.0623		12.5549
120.8000		40.0766		12.5549
120.9000		40.0909		12.5549
121.0000		40.1051		12.5549
121.1000		40.1194		12.5549
121.2000		40.1336		12.5549
121.3000		40.1478		12.5549
121.4000		40.1621		12.5549
121.5000		40.1763		12.5549
121.6000		40.1905		12.5549
121.7000		40.2047		12.5549
121.8000		40.2189		12.5549
121.9000		40.2332		12.5549
122.0000		40.2474		12.5549
122.1000		40.2616		12.5549
122.2000		40.2758		12.5549
122.3000		40.2899		12.5549
122.4000		40.3041		12.5549
122.5000		40.3183		12.5549
122.6000		40.3325		12.5549
122.7000		40.3466		12.5549
122.8000		40.3608		12.5549
122.9000		40.3750		12.5549
123.0000		40.3891		12.5549
123.1000		40.4033		12.5549
123.2000		40.4174		12.5549
123.3000		40.4315		12.5549
123.4000		40.4457		12.5549
123.5000		40.4598		12.5549
123.6000		40.4739		12.5549
123.7000		40.4880		12.5549
123.8000		40.5022		12.5549
123.9000		40.5163		12.5549
124.0000		40.5304		12.5549
124.1000		40.5445		12.5549
124.2000		40.5586		12.5549
124.3000		40.5727		12.5549
124.4000		40.5867		12.5549
124.5000		40.6008		12.5549
124.6000		40.6149		12.5549
124.7000		40.6290		12.5549
124.8000		40.6430		12.5549
124.9000		40.6571		12.5549
125.0000		40.6711		12.5549
125.1000		40.6852		12.5549
125.2000		40.6992		12.5549
125.3000		40.7133		12.5549
125.4000		40.7273		12.5549
125.5000		40.7413		12.5549
125.6000		40.7554		12.5549
125.7000		40.7694		12.5549
125.8000		40.7834		12.5549
125.9000		40.7974		12.5549
126.0000		40.8114		12.5549
126.1000		40.8254		12.5549
126.2000		40.8394		12.5549
126.3000		40.8534		12.5549
126.4000		40.8674		12.5549
126.5000		40.8814		12.5549
126.6000		40.8954		12.5549
126.7000		40.9093		12.5549
126.8000		40.9233		12.5549
126.9000		40.9373		12.5549
127.0000		40.9512		12.5549
127.1000		40.9652		12.5549
127.2000		40.9791		12.5549
127.3000		40.9931		12.5549
127.4000		41.0070		12.5549
127.5000		41.0209		12.5549
127.6000		41.0349		12.5549
127.7000		41.0488		12.5549
127.8000		41.0627		12.5549
127.9000		41.0766		12.5549
128.0000		41.0906		12.5549
128.1000		41.1045		12.5549
128.2000		41.1184		12.5549
128.3000		41.1323		12.5549
128.4000		41.1461		12.5549
128.5000		41.1600		12.5549
128.6000		41.1739		12.5549
128.7000		41.1878		12.5549
128.8000		41.2017		12.5549
128.9000		41.2155		12.5549
129.0000		41.2294		12.5549
129.1000		41.2433		12.5549
129.2000		41.2571		12.5549
129.3000		41.2710		12.5549
129.4000		41.2848		12.5549
129.5000		41.2987		12.5549
129.6000		41.3125		12.5549
129.7000		41.3263		12.5549
129.8000		41.3402		12.5549
129.9000		41.3540		12.5549
130.0000		41.3678		12.5549
130.1000		41.3816		12.5549
130.2000		41.3954		12.5549
130.3000		41.4092		12.5549
130.4000		41.4230		12.5549
130.5000		41.4368		12.5549
130.6000		41.4506		12.5549
130.7000		41.4644		12.5549
130.8000		41.4782		12.5549
130.9000		41.4919		12.5549
131.0000		41.5057		12.5549
131.1000		41.5195		12.5549
131.2000		41.5332		12.5549
131.3000		41.5470		12.5549
131.4000		41.5608		12.5549
131.5000		41.5745		12.5549
131.6000		41.5883		12.5549
131.7000		41.6020		12.5549
131.8000		41.6157		12.5549
131.9000		41.6295		12.5549
132.0000		41.6432		12.5549
132.1000		41.6569		12.5549
132.2000		41.6706		12.5549
132.3000		41.6843		12.5549
132.4000		41.6981		12.5549
132.5000		41.7118		12.5549
132.6000		41.7255		12.5549
132.7000		41.7391		12.5549
132.8000		41.7528		12.5549
132.9000		41.7665		12.5549
133.0000		41.7802		12.5549
133.1000		41.7939		12.5549
133.2000		41.8076		12.5549
133.3000		41.8212		12.5549
133.4000		41.8349		12.5549
133.5000		41.8485		12.5549
133.6000		41.8622		12.5549
133.7000		41.8759		12.5549
133.8000		41.8895		12.5549
133.9000		41.9031		12.5549
134.0000		41.9168		12.5549
134.1000		41.9304		12.5549
134.2000		41.9440		12.5549
134.3000		41.9577		12.5549
134.4000		41.9713		12.5549
134.5000		41.9849		12.5549
134.6000		41.9985		12.5549
134.7000		42.0121		12.5549
134.8000		42.0257		12.5549
134.9000		42.0393		12.5549
135.0000		42.0529		12.5549
135.1000		42.0665		12.5549
135.2000		42.0801		12.5549
135.3000		42.0937		12.5549
135.4000		42.1072		12.5549
135.5000		42.1208		12.5549
135.6000		42.1344		12.5549
135.7000		42.1479		12.5549
135.8000		42.1615		12.5549
135.9000		42.1750		12.5549
136.0000		42.1886		12.5549
136.1000		42.2021		12.5549
136.2000		42.2157		12.5549
136.3000		42.2292		12.5549
136.4000		42.2427		12.5549
136.5000		42.2563		12.5549
136.6000		42.2698		12.5549
136.7000		42.2833		12.5549
136.8000		42.2968		12.5549
136.9000		42.3103		12.5549
137.0000		42.3238		12.5549
137.1000		42.3373		12.5549
137.2000		42.3508		12.5549
137.3000		42.3643		12.5549
137.4000		42.3778		12.5549
137.5000		42.3913		12.5549
137.6000		42.4048		12.5549
137.7000		42.4183		12.5549
137.8000		42.4317		12.5549
137.9000		42.4452		12.5549
138.0000		42.4587		12.5549
138.1000		42.4721		12.5549
138.2000		42.4856		12.5549
138.3000		42.4990		12.5549
138.4000		42.5125		12.5549
138.5000		42.5259		12.5549
138.6000		42.5393		12.5549
138.7000		42.5528		12.5549
138.8000		42.5662		12.5549
138.9000		42.5796		12.5549
139.0000		42.5931		12.5549
139.1000		42.6065		12.5549
139.2000		42.6199		12.5549
139.3000		42.6333		12.5549
139.4000		42.6467		12.5549
139.5000		42.6601		12.5549
139.6000		42.6735		12.5549
139.7000		42.6869		12.5549
139.8000		42.7003		12.5549
139.9000		42.7136		12.5549
140.0000		42.7270		12.5549
140.1000		42.7404		12.5549
140.2000		42.7538		12.5549
140.3000		42.7671		12.5549
140.4000		42.7805		12.5549
140.5000		42.7939		12.5549
140.6000		42.8072		12.5549
140.7000		42.8206		12.5549
140.8000		42.8339		12.5549
140.9000		42.8472		12.5549
141.0000		42.8606		12.5549
141.1000		42.8739		12.5549
141.2000		42.8872		12.5549
141.3000		42.9006		12.5549
141.4000		42.9139		12.5549
141.5000		42.9272		12.5549
141.6000		42.9405		12.5549
141.7000		42.9538		12.5549
141.8000		42.9671		12.5549
141.9000		42.9804		12.5549
142.0000		42.9937		12.5549
142.1000		43.0070		12.5549
142.2000		43.0203		12.5549
142.3000		43.0336		12.5549
142.4000		43.0469		12.5549
142.5000		43.0601		12.5549
142.6000		43.0734		12.5549
142.7000		43.0867		12.5549
142.8000		43.0999		12.5549
142.9000		43.1132		12.5549
143.0000		43.1264		12.5549
143.1000		43.1397		12.5549
143.2000		43.1529		12.5549
143.3000		43.1662		12.5549
143.4000		43.1794		12.5549
143.5000		43.1926		12.5549
143.6000		43.2059		12.5549
143.7000		43.2191		12.5549
143.8000		43.2323		12.5549
143.9000		43.2455		12.5549
144.0000		43.2588		12.5549
144.1000		43.2720		12.5549
144.2000		43.2852		12.5549
144.3000		43.2984		12.5549
144.4000		43.3116		12.5549
144.5000		43.3248		12.5549
144.6000		43.3380		12.5549
144.7000		43.3511		12.5549
144.8000		43.3643		12.5549
144.9000		43.3775		12.5549
145.0000		43.3907		12.5549
145.1000		43.4038		12.5549
145.2000		43.4170		12.5549
145.3000		43.4302		12.5549
145.4000		43.4433		12.5549
145.5000		43.4565		12.5549
145.6000		43.4696		12.5549
145.7000		43.4828		12.5549
145.8000		43.4959		12.5549
145.9000		43.5090		12.5549
146.0000		43.5222		12.5549
146.1000		43.5353		12.5549
146.2000		43.5484		12.5549
146.3000		43.5616		12.5549
146.4000		43.5747		12.5549
146.5000		43.5878		12.5549
146.6000		43.6009		12.5549
146.7000		43.6140		12.5549
146.8000		43.6271		12.5549
146.9000		43.6402		12.5549
147.0000		43.6533		12.5549
147.1000		43.6664		12.5549
147.2000		43.6795		12.5549
147.3000		43.6926		12.5549
147.4000		43.7056		12.5549
147.5000		43.7187		12.5549
147.6000		43.7318		12.5549
147.7000		43.7449		12.5549
147.8000		43.7579		12.5549
147.9000		43.7710		12.5549
148.0000		43.7840		12.5549
148.1000		43.7971		12.5549
148.2000		43.8101		12.5549
148.3000		43.8232		12.5549
148.4000		43.8362		12.5549
148.5000		43.8492		12.5549
148.6000		43.8623		12.5549
148.7000		43.8753		12.5549
148.8000		43.8883		12.5549
148.9000		43.9013		12.5549
149.0000		43.9144		12.5549
149.1000		43.9274		12.5549
149.2000		43.9404		12.5549
149.3000		43.9534		12.5549
149.4000		43.9664		12.5549
149.5000		43.9794		12.5549
149.6000		43.9924		12.5549
149.7000		44.0054		12.5549
149.8000		44.0184		12.5549
149.9000		44.0313		12.5549
150.0000		44.0443		12.5549
150.1000		44.0573		12.5549
150.2000		44.0703		12.5549
150.3000		44.0832		12.5549
150.4000		44.0962		12.5549
150.5000		44.1091		12.5549
150.6000		44.1221		12.5549
150.7000		44.1351		12.5549
150.8000		44.1480		12.5549
150.9000		44.1609		12.5549
151.0000		44.1739		12.5549
151.1000		44.1868		12.5549
151.2000		44.1997		12.5549
151.3000		44.2127		12.5549
151.4000		44.2256		12.5549
151.5000		44.2385		12.5549
151.6000		44.2514		12.5549
151.7000		44.2644		12.5549
151.8000		44.2773		12.5549
151.9000		44.2902		12.5549
152.0000		44.3031		12.5549
152.1000		44.3160		12.5549
152.2000		44.3289		12.5549
152.3000		44.3418		12.5549
152.4000		44.3546		12.5549
152.5000		44.3675		12.5549
152.6000		44.3804		12.5549
152.7000		44.3933		12.5549
152.8000		44.4062		12.5549
152.9000		44.4190		12.5549
153.0000		44.4319		12.5549
153.1000		44.4447		12.5549
153.2000		44.4576		12.5549
153.3000		44.4705		12.5549
153.4000		44.4833		12.5549
153.5000		44.4962		12.5549
153.6000		44.5090		12.5549
153.7000		44.5218		12.5549
153.8000		44.5347		12.5549
153.9000		44.5475		12.5549
154.0000		44.5603		12.5549
154.1000		44.5731		12.5549
154.2000		44.5860		12.5549
154.3000		44.5988		12.5549
154.4000		44.6116		12.5549
154.5000		44.6244		12.5549
154.6000		44.6372		12.5549
154.7000		44.6500		12.5549
154.8000		44.6628		12.5549
154.9000		44.6756		12.5549
155.0000		44.6884		12.5549
155.1000		44.7012		12.5549
155.2000		44.7140		12.5549
155.3000		44.7267		12.5549
155.4000		44.7395		12.5549
155.5000		44.7523		12.5549
155.6000		44.7651		12.5549
155.7000		44.7778		12.5549
155.8000		44.7906		12.5549
155.9000		44.8033		12.5549
156.0000		44.8161		12.5549
156.1000		44.8289		12.5549
156.2000		44.8416		12.5549
156.3000		44.8543		12.5549
156.4000		44.8671		12.5549
156.5000		44.8798		12.5549
156.6000		44.8925		12.5549
156.7000		44.9053		12.5549
156.8000		44.9180		12.5549
156.9000		44.9307		12.5549
157.0000		44.9434		12.5549
157.1000		44.9562		12.5549
157.2000		44.9689		12.5549
157.3000		44.9816		12.5549
157.4000		44.9943		12.5549
157.5000		45.0070		12.5549
157.6000		45.0197		12.5549
157.7000		45.0324		12.5549
157.8000		45.0451		12.5549
157.9000		45.0577		12.5549
158.0000		45.0704		12.5549
158.1000		45.0831		12.5549
158.2000		45.0958		12.5549
158.3000		45.1085		12.5549
158.4000		45.1211		12.5549
158.5000		45.1338		12.5549
158.6000		45.1464		12.5549
158.7000		45.1591		12.5549
158.8000		45.1718		12.5549
158.9000		45.1844		12.5549
159.0000		45.1971		12.5549
159.1000		45.2097		12.5549
159.2000		45.2223		12.5549
159.3000		45.2350		12.5549
159.4000		45.2476		12.5549
159.5000		45.2602		12.5549
159.6000		45.2729		12.5549
159.7000		45.2855		12.5549
159.8000		45.2981		12.5549
159.9000		45.3107		12.5549
160.0000		45.3233		12.5549
160.1000		45.3359		12.5549
160.2000		45.3485		12.5549
160.3000		45.3611		12.5549
160.4000		45.3737		12.5549
160.5000		45.3863		12.5549
160.6000		45.3989		12.5549
160.7000		45.4115		12.5549
160.8000		45.4241		12.5549
160.9000		45.4367		12.5549
161.0000		45.4492		12.5549
161.1000		45.4618		12.5549
161.2000		45.4744		12.5549
161.3000		45.4870		12.5549
161.4000		45.4995		12.5549
161.5000		45.5121		12.5549
161.6000		45.5246		12.5549
161.7000		45.5372		12.5549
161.8000		45.5497		12.5549
161.9000		45.5623		12.5549
162.0000		45.5748		12.5549
162.1000		45.5874		12.5549
162.2000		45.5999		12.5549
162.3000		45.6124		12.5549
162.4000		45.6249		12.5549
162.5000		45.6375		12.5549
162.6000		45.6500		12.5549
162.7000		45.6625		12.5549
162.8000		45.6750		12.5549
162.9000		45.6875		12.5549
163.0000		45.7000		12.5549
163.1000		45.7125		12.5549
163.2000		45.7250		12.5549
163.3000		45.7375		12.5549
163.4000		45.7500		12.5549
163.5000		45.7625		12.5549
163.6000		45.7750		12.5549
163.7000		45.7875		12.5549
163.8000		45.8000		12.5549
163.9000		45.8125		12.5549
164.0000		45.8249		12.5549
164.1000		45.8374		12.5549
164.2000		45.8499		12.5549
164.3000		45.8623		12.5549
164.4000		45.8748		12.5549
164.5000		45.8872		12.5549
164.6000		45.8997		12.5549
164.7000		45.9121		12.5549
164.8000		45.9246		12.5549
164.9000		45.9370		12.5549
165.0000		45.9495		12.5549
165.1000		45.9619		12.5549
165.2000		45.9743		12.5549
165.3000		45.9868		12.5549
165.4000		45.9992		12.5549
165.5000		46.0116		12.5549
165.6000		46.0240		12.5549
165.7000		46.0365		12.5549
165.8000		46.0489		12.5549
165.9000		46.0613		12.5549
166.0000		46.0737		12.5549
166.1000		46.0861		12.5549
166.2000		46.0985		12.5549
166.3000		46.1109		12.5549
166.4000		46.1233		12.5549
166.5000		46.1357		12.5549
166.6000		46.1480		12.5549
166.7000		46.1604		12.5549
166.8000		46.1728		12.5549
166.9000		46.1852		12.5549
167.0000		46.1976		12.5549
167.1000		46.2099		12.5549
167.2000		46.2223		12.5549
167.3000		46.2347		12.5549
167.4000		46.2470		12.5549
167.5000		46.2594		12.5549
167.6000		46.2717		12.5549
167.7000		46.2841		12.5549
167.8000		46.2964		12.5549
167.9000		46.3088		12.5549
168.0000		46.3211		12.5549
168.1000		46.3334		12.5549
168.2000		46.3458		12.5549
168.3000		46.3581		12.5549
168.4000		46.3704		12.5549
168.5000		46.3828		12.5549
168.6000		46.3951		12.5549
168.7000		46.4074		12.5549
168.8000		46.4197		12.5549
168.9000		46.4320		12.5549
169.0000		46.4443		12.5549
169.1000		46.4566		12.5549
169.2000		46.4689		12.5549
169.3000		46.4812		12.5549
169.4000		46.4935		12.5549
169.5000		46.5058		12.5549
169.6000		46.5181		12.5549
169.7000		46.5304		12.5549
169.8000		46.5427		12.5549
169.9000		46.5549		12.5549
170.0000		46.5672		12.5549
170.1000		46.5795		12.5549
170.2000		46.5917		12.5549
170.3000		46.6040		12.5549
170.4000		46.6163		12.5549
170.5000		46.6285		12.5549
170.6000		46.6408		12.5549
170.7000		46.6530		12.5549
170.8000		46.6653		12.5549
170.9000		46.6775		12.5549
171.0000		46.6898		12.5549
171.1000		46.7020		12.5549
171.2000		46.7142		12.5549
171.3000		46.7265		12.5549
171.4000		46.7387		12.5549
171.5000		46.7509		12.5549
171.6000		46.7632		12.5549
171.7000		46.7754		12.5549
171.8000		46.7876		12.5549
171.9000		46.7998		12.5549
172.0000		46.8120		12.5549
172.1000		46.8242		12.5549
172.2000		46.8364		12.5549
172.3000		46.8486		12.5549
172.4000		46.8608		12.5549
172.5000		46.8730		12.5549
172.6000		46.8852		12.5549
172.7000		46.8974		12.5549
172.8000		46.9096		12.5549
172.9000		46.9218		12.5549
173.0000		46.9339		12.5549
173.1000		46.9461		12.5549
173.2000		46.9583		12.5549
173.3000		46.9705		12.5549
173.4000		46.9826		12.5549
173.5000		46.9948		12.5549
173.6000		47.0069		12.5549
173.7000		47.0191		12.5549
173.8000		47.0313		12.5549
173.9000		47.0434		12.5549
174.0000		47.0556		12.5549
174.1000		47.0677		12.5549
174.2000		47.0798		12.5549
174.3000		47.0920		12.5549
174.4000		47.1041		12.5549
174.5000		47.1162		12.5549
174.6000		47.1284		12.5549
174.7000		47.1405		12.5549
174.8000		47.1526		12.5549
174.9000		47.1647		12.5549
175.0000		47.1768		12.5549
175.1000		47.1890		12.5549
175.2000		47.2011		12.5549
175.3000		47.2132		12.5549
175.4000		47.2253		12.5549
175.5000		47.2374		12.5549
175.6000		47.2495		12.5549
175.7000		47.2616		12.5549
175.8000		47.2737		12.5549
175.9000		47.2857		12.5549
176.0000		47.2978		12.5549
176.1000		47.3099		12.5549
176.2000		47.3220		12.5549
176.3000		47.3341		12.5549
176.4000		47.3461		12.5549
176.5000		47.3582		12.5549
176.6000		47.3703		12.5549
176.7000		47.3823		12.5549
176.8000		47.3944		12.5549
176.9000		47.4065		12.5549
177.0000		47.4185		12.5549
177.1000		47.4306		12.5549
177.2000		47.4426		12.5549
177.3000		47.4547		12.5549
177.4000		47.4667		12.5549
177.5000		47.4787		12.5549
177.6000		47.4908		12.5549
177.7000		47.5028		12.5549
177.8000		47.5148		12.5549
177.9000		47.5269		12.5549
178.0000		47.5389		12.5549
178.1000		47.5509		12.5549
178.2000		47.5629		12.5549
178.3000		47.5749		12.5549
178.4000		47.5869		12.5549
178.5000		47.5990		12.5549
178.6000		47.6110		12.5549
178.7000		47.6230		12.5549
178.8000		47.6350		12.5549
178.9000		47.6470		12.5549
179.0000		47.6589		12.5549
179.1000		47.6709		12.5549
179.2000		47.6829		12.5549
179.3000		47.6949		12.5549
179.4000		47.7069		12.5549
179.5000		47.7189		12.5549
179.6000		47.7308		12.5549
179.7000		47.7428		12.5549
179.8000		47.7548		12.5549
179.9000		47.7667		12.5549
180.0000		47.7787		12.5549
180.1000		47.7907		12.5549
180.2000		47.8026		12.5549
180.3000		47.8146		12.5549
180.4000		47.8265		12.5549
180.5000		47.8385		12.5549
180.6000		47.8504		12.5549
180.7000		47.8624		12.5549
180.8000		47.8743		12.5549
180.9000		47.8862		12.5549
181.0000		47.8982		12.5549
181.1000		47.9101		12.5549
181.2000		47.9220		12.5549
181.3000		47.9340		12.5549
181.4000		47.9459		12.5549
181.5000		47.9578		12.5549
181.6000		47.9697		12.5549
181.7000		47.9816		12.5549
181.8000		47.9935		12.5549
181.9000		48.0054		12.5549
182.0000		48.0173		12.5549
182.1000		48.0292		12.5549
182.2000		48.0411		12.5549
182.3000		48.0530		12.5549
182.4000		48.0649		12.5549
182.5000		48.0768		12.5549
182.6000		48.0887		12.5549
182.7000		48.1006		12.5549
182.8000		48.1125		12.5549
182.9000		48.1243		12.5549
183.0000		48.1362		12.5549
183.1000		48.1481		12.5549
183.2000		48.1600		12.5549
183.3000		48.1718		12.5549
183.4000		48.1837		12.5549
183.5000		48.1955		12.5549
183.6000		48.2074		12.5549
183.7000		48.2193		12.5549
183.8000		48.2311		12.5549
183.9000		48.2429		12.5549
184.0000		48.2548		12.5549
184.1000		48.2666		12.5549
184.2000		48.2785		12.5549
184.3000		48.2903		12.5549
184.4000		48.3021		12.5549
184.5000		48.3140		12.5549
184.6000		48.3258		12.5549
184.7000		48.3376		12.5549
184.8000		48.3494		12.5549
184.9000		48.3613		12.5549
185.0000		48.3731		12.5549
185.1000		48.3849		12.5549
185.2000		48.3967		12.5549
185.3000		48.4085		12.5549
185.4000		48.4203		12.5549
185.5000		48.4321		12.5549
185.6000		48.4439		12.5549
185.7000		48.4557		12.5549
185.8000		48.4675		12.5549
185.9000		48.4793		12.5549
186.0000		48.4911		12.5549
186.1000		48.5029		12.5549
186.2000		48.5146		12.5549
186.3000		48.5264		12.5549
186.4000		48.5382		12.5549
186.5000		48.5500		12.5549
186.6000		48.5617		12.5549
186.7000		48.5735		12.5549
186.8000		48.5853		12.5549
186.9000		48.5970		12.5549
187.0000		48.6088		12.5549
187.1000		48.6206		12.5549
187.2000		48.6323		12.5549
187.3000		48.6441		12.5549
187.4000		48.6558		12.5549
187.5000		48.6675		12.5549
187.6000		48.6793		12.5549
187.7000		48.6910		12.5549
187.8000		48.7028		12.5549
187.9000		48.7145		12.5549
188.0000		48.7262		12.5549
188.1000		48.7380		12.5549
188.2000		48.7497		12.5549
188.3000		48.7614		12.5549
188.4000		48.7731		12.5549
188.5000		48.7848		12.5549
188.6000		48.7965		12.5549
188.7000		48.8083		12.5549
188.8000		48.8200		12.5549
188.9000		48.8317		12.5549
189.0000		48.8434		12.5549
189.1000		48.8551		12.5549
189.2000		48.8668		12.5549
189.3000		48.8785		12.5549
189.4000		48.8902		12.5549
189.5000		48.9018		12.5549
189.6000		48.9135		12.5549
189.7000		48.9252		12.5549
189.8000		48.9369		12.5549
189.9000		48.9486		12.5549
190.0000		48.9602		12.5549
190.1000		48.9719		12.5549
190.2000		48.9836		12.5549
190.3000		48.9952		12.5549
190.4000		49.0069		12.5549
190.5000		49.0186		12.5549
190.6000		49.0302		12.5549
190.7000		49.0419		12.5549
190.8000		49.0535		12.5549
190.9000		49.0652		12.5549
191.0000		49.0768		12.5549
191.1000		49.0885		12.5549
191.2000		49.1001		12.5549
191.3000		49.1117		12.5549
191.4000		49.1234		12.5549
191.5000		49.1350		12.5549
191.6000		49.1466		12.5549
191.7000		49.1583		12.5549
191.8000		49.1699		12.5549
191.9000		49.1815		12.5549
192.0000		49.1931		12.5549
192.1000		49.2048		12.5549
192.2000		49.2164		12.5549
192.3000		49.2280		12.5549
192.4000		49.2396		12.5549
192.5000		49.2512		12.5549
192.6000		49.2628		12.5549
192.7000		49.2744		12.5549
192.8000		49.2860		12.5549
192.9000		49.2976		12.5549
193.0000		49.3092		12.5549
193.1000		49.3208		12.5549
193.2000		49.3323		12.5549
193.3000		49.3439		12.5549
193.4000		49.3555		12.5549
193.5000		49.3671		12.5549
193.6000		49.3787		12.5549
193.7000		49.3902		12.5549
193.8000		49.4018		12.5549
193.9000		49.4134		12.5549
194.0000		49.4249		12.5549
194.1000		49.4365		12.5549
194.2000		49.4481		12.5549
194.3000		49.4596		12.5549
194.4000		49.4712		12.5549
194.5000		49.4827		12.5549
194.6000		49.4943		12.5549
194.7000		49.5058		12.5549
194.8000		49.5174		12.5549
194.9000		49.5289		12.5549
195.0000		49.5404		12.5549
195.1000		49.5520		12.5549
195.2000		49.5635		12.5549
195.3000		49.5750		12.5549
195.4000		49.5866		12.5549
195.5000		49.5981		12.5549
195.6000		49.6096		12.5549
195.7000		49.6211		12.5549
195.8000		49.6326		12.5549
195.9000		49.6441		12.5549
196.0000		49.6557		12.5549
196.1000		49.6672		12.5549
196.2000		49.6787		12.5549
196.3000		49.6902		12.5549
196.4000		49.7017		12.5549
196.5000		49.7132		12.5549
196.6000		49.7247		12.5549
196.7000		49.7362		12.5549
196.8000		49.7476		12.5549
196.9000		49.7591		12.5549
197.0000		49.7706		12.5549
197.1000		49.7821		12.5549
197.2000		49.7936		12.5549
197.3000		49.8051		12.5549
197.4000		49.8165		12.5549
197.5000		49.8280		12.5549
197.6000		49.8395		12.5549
197.7000		49.8509		12.5549
197.8000		49.8624		12.5549
197.9000		49.8739		12.5549
198.0000		49.8853		12.5549
198.1000		49.8968		12.5549
198.2000		49.9082		12.5549
198.3000		49.9197		12.5549
198.4000		49.9311		12.5549
198.5000		49.9426		12.5549
198.6000		49.9540		12.5549
198.7000		49.9654		12.5549
198.8000		49.9769		12.5549
198.9000		49.9883		12.5549
199.0000		49.9997		12.5549
199.1000		50.0112		12.5549
199.2000		50.0226		12.5549
199.3000		50.0340		12.5549
199.4000		50.0454		12.5549
199.5000		50.0569		12.5549
199.6000		50.0683		12.5549
199.7000		50.0797		12.5549
199.8000		50.0911		12.5549
199.9000		50.1025		12.5549
